x y z r g b
62.5 312.5 19.619998455047607 71 106 107
62.5 375.0 16.349998712539673 51 107 158
62.5 375.0 19.619998455047607 83 86 136
62.5 375.0 22.889998197555542 96 99 93
62.5 437.5 16.349998712539673 37 126 145
62.5 437.5 19.619998455047607 70 109 120
62.5 437.5 22.889998197555542 95 86 91
62.5 500.0 19.619998455047607 88 93 88
125.0 250.0 16.349998712539673 62 127 162
125.0 250.0 19.619998455047607 79 137 134
125.0 312.5 16.349998712539673 72 131 192
125.0 312.5 19.619998455047607 74 129 179
125.0 312.5 22.889998197555542 98 149 140
125.0 375.0 13.079998970031738 74 117 167
125.0 375.0 16.349998712539673 75 148 218
125.0 375.0 19.619998455047607 89 126 193
125.0 375.0 22.889998197555542 94 111 138
125.0 375.0 26.159997940063477 91 131 132
125.0 437.5 13.079998970031738 82 99 172
125.0 437.5 16.349998712539673 60 173 193
125.0 437.5 19.619998455047607 84 141 164
125.0 437.5 22.889998197555542 93 112 113
125.0 437.5 26.159997940063477 79 124 130
125.0 500.0 16.349998712539673 35 145 163
125.0 500.0 19.619998455047607 76 137 109
125.0 500.0 22.889998197555542 90 125 77
125.0 562.5 19.619998455047607 69 101 93
187.5 125.0 19.619998455047607 97 80 97
187.5 187.5 16.349998712539673 89 99 191
187.5 187.5 19.619998455047607 80 84 139
187.5 250.0 13.079998970031738 106 138 219
187.5 250.0 16.349998712539673 115 136 226
187.5 250.0 19.619998455047607 96 138 200
187.5 250.0 22.889998197555542 127 140 186
187.5 312.5 13.079998970031738 102 164 200
187.5 312.5 16.349998712539673 133 155 235
187.5 312.5 19.619998455047607 111 157 219
187.5 312.5 22.889998197555542 126 168 193
187.5 312.5 26.159997940063477 114 152 199
187.5 375.0 9.809999227523804 92 120 182
187.5 375.0 13.079998970031738 99 149 195
187.5 375.0 16.349998712539673 134 178 218
187.5 375.0 19.619998455047607 128 151 209
187.5 375.0 22.889998197555542 122 143 185
187.5 375.0 26.159997940063477 116 148 196
187.5 437.5 9.809999227523804 117 125 187
187.5 437.5 13.079998970031738 102 136 187
187.5 437.5 16.349998712539673 103 199 177
187.5 437.5 19.619998455047607 116 183 165
187.5 437.5 22.889998197555542 117 157 167
187.5 437.5 26.159997940063477 116 164 204
187.5 500.0 13.079998970031738 91 130 172
187.5 500.0 16.349998712539673 72 174 169
187.5 500.0 19.619998455047607 87 177 128
187.5 500.0 22.889998197555542 101 174 141
187.5 500.0 26.159997940063477 106 163 191
187.5 562.5 16.349998712539673 64 134 170
187.5 562.5 19.619998455047607 71 120 140
187.5 562.5 22.889998197555542 81 152 134
187.5 625.0 19.619998455047607 62 102 150
250.0 62.5 19.619998455047607 98 67 62
250.0 125.0 16.349998712539673 109 95 188
250.0 125.0 19.619998455047607 102 75 153
250.0 125.0 22.889998197555542 145 80 86
250.0 187.5 13.079998970031738 111 80 202
250.0 187.5 16.349998712539673 143 113 219
250.0 187.5 19.619998455047607 117 95 197
250.0 187.5 22.889998197555542 145 75 144
250.0 250.0 13.079998970031738 155 139 219
250.0 250.0 16.349998712539673 184 142 214
250.0 250.0 19.619998455047607 159 143 222
250.0 250.0 22.889998197555542 167 112 198
250.0 250.0 26.159997940063477 153 117 195
250.0 312.5 9.809999227523804 122 154 183
250.0 312.5 13.079998970031738 142 187 192
250.0 312.5 16.349998712539673 182 176 193
250.0 312.5 19.619998455047607 164 184 198
250.0 312.5 22.889998197555542 168 172 180
250.0 312.5 26.159997940063477 152 153 181
250.0 375.0 6.539999485015869 88 111 163
250.0 375.0 9.809999227523804 121 142 167
250.0 375.0 13.079998970031738 121 185 184
250.0 375.0 16.349998712539673 169 204 171
250.0 375.0 19.619998455047607 165 179 175
250.0 375.0 22.889998197555542 156 181 159
250.0 375.0 26.159997940063477 156 163 162
250.0 437.5 6.539999485015869 95 119 161
250.0 437.5 9.809999227523804 139 151 181
250.0 437.5 13.079998970031738 120 176 176
250.0 437.5 16.349998712539673 127 220 140
250.0 437.5 19.619998455047607 148 206 145
250.0 437.5 22.889998197555542 152 184 142
250.0 437.5 26.159997940063477 161 178 157
250.0 500.0 6.539999485015869 92 124 155
250.0 500.0 9.809999227523804 127 170 154
250.0 500.0 13.079998970031738 112 168 156
250.0 500.0 16.349998712539673 105 177 138
250.0 500.0 19.619998455047607 117 195 120
250.0 500.0 22.889998197555542 130 198 108
250.0 500.0 26.159997940063477 151 184 150
250.0 562.5 13.079998970031738 92 145 155
250.0 562.5 16.349998712539673 105 160 166
250.0 562.5 19.619998455047607 101 154 144
250.0 562.5 22.889998197555542 99 176 114
250.0 562.5 26.159997940063477 135 194 149
250.0 625.0 16.349998712539673 73 155 145
250.0 625.0 19.619998455047607 89 137 157
250.0 625.0 22.889998197555542 83 161 139
250.0 687.5 19.619998455047607 73 148 153
312.5 62.5 16.349998712539673 129 87 162
312.5 62.5 19.619998455047607 106 66 103
312.5 62.5 22.889998197555542 174 89 42
312.5 125.0 13.079998970031738 113 84 203
312.5 125.0 16.349998712539673 171 94 202
312.5 125.0 19.619998455047607 145 78 172
312.5 125.0 22.889998197555542 151 71 96
312.5 125.0 26.159997940063477 169 95 147
312.5 187.5 13.079998970031738 144 102 213
312.5 187.5 16.349998712539673 195 112 194
312.5 187.5 19.619998455047607 177 98 203
312.5 187.5 22.889998197555542 164 75 147
312.5 187.5 26.159997940063477 171 105 178
312.5 250.0 9.809999227523804 147 97 181
312.5 250.0 13.079998970031738 174 147 206
312.5 250.0 16.349998712539673 209 139 184
312.5 250.0 19.619998455047607 209 138 203
312.5 250.0 22.889998197555542 197 104 182
312.5 250.0 26.159997940063477 187 116 175
312.5 312.5 6.539999485015869 120 120 157
312.5 312.5 9.809999227523804 147 158 157
312.5 312.5 13.079998970031738 163 191 195
312.5 312.5 16.349998712539673 195 184 171
312.5 312.5 19.619998455047607 194 191 176
312.5 312.5 22.889998197555542 183 167 144
312.5 312.5 26.159997940063477 174 144 146
312.5 375.0 3.2699997425079346 95 138 171
312.5 375.0 6.539999485015869 110 127 160
312.5 375.0 9.809999227523804 136 131 139
312.5 375.0 13.079998970031738 134 196 184
312.5 375.0 16.349998712539673 173 217 158
312.5 375.0 19.619998455047607 183 189 144
312.5 375.0 22.889998197555542 170 181 98
312.5 375.0 26.159997940063477 171 154 116
312.5 437.5 3.2699997425079346 93 151 164
312.5 437.5 6.539999485015869 108 132 166
312.5 437.5 9.809999227523804 156 133 159
312.5 437.5 13.079998970031738 120 209 159
312.5 437.5 16.349998712539673 138 240 115
312.5 437.5 19.619998455047607 169 210 82
312.5 437.5 22.889998197555542 164 175 59
312.5 437.5 26.159997940063477 168 167 98
312.5 500.0 3.2699997425079346 103 150 161
312.5 500.0 6.539999485015869 105 142 175
312.5 500.0 9.809999227523804 133 160 139
312.5 500.0 13.079998970031738 110 194 124
312.5 500.0 16.349998712539673 118 175 93
312.5 500.0 19.619998455047607 142 179 59
312.5 500.0 22.889998197555542 142 153 49
312.5 500.0 26.159997940063477 163 165 92
312.5 562.5 6.539999485015869 83 131 165
312.5 562.5 9.809999227523804 103 156 136
312.5 562.5 13.079998970031738 102 163 131
312.5 562.5 16.349998712539673 128 152 118
312.5 562.5 19.619998455047607 124 148 87
312.5 562.5 22.889998197555542 118 136 79
312.5 562.5 26.159997940063477 155 183 92
312.5 625.0 13.079998970031738 79 149 150
312.5 625.0 16.349998712539673 80 173 128
312.5 625.0 19.619998455047607 101 135 110
312.5 625.0 22.889998197555542 101 140 100
312.5 625.0 26.159997940063477 140 191 100
312.5 687.5 16.349998712539673 52 144 125
312.5 687.5 19.619998455047607 94 147 125
312.5 687.5 22.889998197555542 82 151 110
312.5 750.0 19.619998455047607 86 152 105
375.0 62.5 16.349998712539673 182 77 141
375.0 62.5 19.619998455047607 163 47 130
375.0 62.5 22.889998197555542 182 36 65
375.0 125.0 13.079998970031738 162 81 200
375.0 125.0 16.349998712539673 204 83 157
375.0 125.0 19.619998455047607 201 60 155
375.0 125.0 22.889998197555542 185 58 96
375.0 125.0 26.159997940063477 215 95 158
375.0 187.5 9.809999227523804 139 91 190
375.0 187.5 13.079998970031738 178 109 205
375.0 187.5 16.349998712539673 207 97 176
375.0 187.5 19.619998455047607 222 84 159
375.0 187.5 22.889998197555542 196 78 115
375.0 187.5 26.159997940063477 216 104 157
375.0 250.0 6.539999485015869 158 75 171
375.0 250.0 9.809999227523804 155 112 193
375.0 250.0 13.079998970031738 197 151 217
375.0 250.0 16.349998712539673 216 138 171
375.0 250.0 19.619998455047607 250 128 158
375.0 250.0 22.889998197555542 227 93 129
375.0 250.0 26.159997940063477 225 117 161
375.0 312.5 3.2699997425079346 147 118 185
375.0 312.5 6.539999485015869 158 126 153
375.0 312.5 9.809999227523804 155 161 164
375.0 312.5 13.079998970031738 192 194 197
375.0 312.5 16.349998712539673 202 189 148
375.0 312.5 19.619998455047607 223 193 136
375.0 312.5 22.889998197555542 202 153 91
375.0 312.5 26.159997940063477 199 143 126
375.0 375.0 3.2699997425079346 151 149 187
375.0 375.0 6.539999485015869 129 135 162
375.0 375.0 9.809999227523804 123 133 154
375.0 375.0 13.079998970031738 167 206 162
375.0 375.0 16.349998712539673 190 210 139
375.0 375.0 19.619998455047607 188 200 99
375.0 375.0 22.889998197555542 166 175 48
375.0 375.0 26.159997940063477 190 152 88
375.0 437.5 3.2699997425079346 127 175 180
375.0 437.5 6.539999485015869 127 146 159
375.0 437.5 9.809999227523804 145 116 168
375.0 437.5 13.079998970031738 139 223 114
375.0 437.5 16.349998712539673 160 232 76
375.0 437.5 19.619998455047607 159 189 31
375.0 437.5 22.889998197555542 133 152 29
375.0 437.5 26.159997940063477 177 151 64
375.0 500.0 3.2699997425079346 122 173 172
375.0 500.0 6.539999485015869 140 172 144
375.0 500.0 9.809999227523804 143 149 155
375.0 500.0 13.079998970031738 117 198 118
375.0 500.0 16.349998712539673 122 172 72
375.0 500.0 19.619998455047607 118 136 48
375.0 500.0 22.889998197555542 107 105 63
375.0 500.0 26.159997940063477 183 144 64
375.0 562.5 3.2699997425079346 114 171 141
375.0 562.5 6.539999485015869 120 166 145
375.0 562.5 9.809999227523804 115 164 137
375.0 562.5 13.079998970031738 109 182 126
375.0 562.5 16.349998712539673 115 130 101
375.0 562.5 19.619998455047607 109 118 66
375.0 562.5 22.889998197555542 107 91 82
375.0 562.5 26.159997940063477 179 154 68
375.0 625.0 6.539999485015869 120 160 163
375.0 625.0 9.809999227523804 117 146 135
375.0 625.0 13.079998970031738 97 175 126
375.0 625.0 16.349998712539673 89 149 125
375.0 625.0 19.619998455047607 96 118 87
375.0 625.0 22.889998197555542 95 114 100
375.0 625.0 26.159997940063477 168 169 57
375.0 687.5 13.079998970031738 94 152 143
375.0 687.5 16.349998712539673 74 151 142
375.0 687.5 19.619998455047607 99 127 104
375.0 687.5 22.889998197555542 83 131 111
375.0 687.5 26.159997940063477 147 186 57
375.0 750.0 13.079998970031738 83 137 123
375.0 750.0 16.349998712539673 71 137 132
375.0 750.0 19.619998455047607 80 150 98
375.0 750.0 22.889998197555542 78 143 119
375.0 812.5 19.619998455047607 56 137 105
437.5 62.5 13.079998970031738 157 55 121
437.5 62.5 16.349998712539673 179 72 93
437.5 62.5 19.619998455047607 179 25 122
437.5 62.5 22.889998197555542 197 18 127
437.5 125.0 9.809999227523804 167 39 168
437.5 125.0 13.079998970031738 192 59 155
437.5 125.0 16.349998712539673 200 71 127
437.5 125.0 19.619998455047607 224 41 146
437.5 125.0 22.889998197555542 211 59 141
437.5 125.0 26.159997940063477 246 77 121
437.5 187.5 9.809999227523804 181 80 180
437.5 187.5 13.079998970031738 206 93 183
437.5 187.5 16.349998712539673 221 91 169
437.5 187.5 19.619998455047607 240 86 153
437.5 187.5 22.889998197555542 207 107 144
437.5 187.5 26.159997940063477 247 103 128
437.5 250.0 6.539999485015869 188 86 183
437.5 250.0 9.809999227523804 185 124 191
437.5 250.0 13.079998970031738 221 144 185
437.5 250.0 16.349998712539673 224 144 139
437.5 250.0 19.619998455047607 255 115 127
437.5 250.0 22.889998197555542 219 107 113
437.5 250.0 26.159997940063477 246 112 124
437.5 312.5 3.2699997425079346 182 112 180
437.5 312.5 6.539999485015869 183 124 167
437.5 312.5 9.809999227523804 172 146 165
437.5 312.5 13.079998970031738 213 184 153
437.5 312.5 16.349998712539673 200 177 95
437.5 312.5 19.619998455047607 242 161 86
437.5 312.5 22.889998197555542 203 135 60
437.5 312.5 26.159997940063477 222 128 91
437.5 375.0 3.2699997425079346 188 146 169
437.5 375.0 6.539999485015869 152 153 172
437.5 375.0 9.809999227523804 144 149 152
437.5 375.0 13.079998970031738 184 197 116
437.5 375.0 16.349998712539673 183 184 70
437.5 375.0 19.619998455047607 185 190 47
437.5 375.0 22.889998197555542 147 165 43
437.5 375.0 26.159997940063477 201 148 62
437.5 437.5 3.2699997425079346 169 172 161
437.5 437.5 6.539999485015869 131 184 152
437.5 437.5 9.809999227523804 155 157 126
437.5 437.5 13.079998970031738 149 200 94
437.5 437.5 16.349998712539673 147 187 57
437.5 437.5 19.619998455047607 111 163 52
437.5 437.5 22.889998197555542 81 131 95
437.5 437.5 26.159997940063477 184 132 59
437.5 500.0 3.2699997425079346 153 188 152
437.5 500.0 6.539999485015869 140 198 116
437.5 500.0 9.809999227523804 156 159 100
437.5 500.0 13.079998970031738 128 172 123
437.5 500.0 16.349998712539673 87 147 96
437.5 500.0 19.619998455047607 72 110 106
437.5 500.0 22.889998197555542 73 92 139
437.5 500.0 26.159997940063477 180 108 62
437.5 562.5 3.2699997425079346 139 190 131
437.5 562.5 6.539999485015869 139 176 119
437.5 562.5 9.809999227523804 134 163 121
437.5 562.5 13.079998970031738 128 185 123
437.5 562.5 16.349998712539673 78 114 128
437.5 562.5 19.619998455047607 78 116 114
437.5 562.5 22.889998197555542 77 85 132
437.5 562.5 26.159997940063477 165 103 50
437.5 625.0 3.2699997425079346 132 190 130
437.5 625.0 6.539999485015869 153 162 160
437.5 625.0 9.809999227523804 137 145 147
437.5 625.0 13.079998970031738 112 185 114
437.5 625.0 16.349998712539673 88 127 151
437.5 625.0 19.619998455047607 86 118 104
437.5 625.0 22.889998197555542 95 111 123
437.5 625.0 26.159997940063477 159 107 41
437.5 687.5 6.539999485015869 166 186 143
437.5 687.5 9.809999227523804 157 177 145
437.5 687.5 13.079998970031738 112 164 140
437.5 687.5 16.349998712539673 91 135 150
437.5 687.5 19.619998455047607 98 111 104
437.5 687.5 22.889998197555542 91 125 102
437.5 687.5 26.159997940063477 152 120 42
437.5 750.0 9.809999227523804 122 233 108
437.5 750.0 13.079998970031738 94 171 124
437.5 750.0 16.349998712539673 90 154 131
437.5 750.0 19.619998455047607 87 126 114
437.5 750.0 22.889998197555542 86 133 103
437.5 812.5 13.079998970031738 73 148 113
437.5 812.5 19.619998455047607 73 149 110
500.0 62.5 13.079998970031738 153 54 79
500.0 62.5 16.349998712539673 154 67 66
500.0 62.5 19.619998455047607 168 46 84
500.0 62.5 22.889998197555542 209 45 90
500.0 125.0 9.809999227523804 173 32 156
500.0 125.0 13.079998970031738 182 39 134
500.0 125.0 16.349998712539673 187 48 111
500.0 125.0 19.619998455047607 215 40 109
500.0 125.0 22.889998197555542 220 69 115
500.0 125.0 26.159997940063477 233 67 70
500.0 187.5 6.539999485015869 194 50 179
500.0 187.5 9.809999227523804 202 69 181
500.0 187.5 13.079998970031738 213 76 169
500.0 187.5 16.349998712539673 228 74 137
500.0 187.5 19.619998455047607 233 87 124
500.0 187.5 22.889998197555542 220 113 130
500.0 187.5 26.159997940063477 235 92 77
500.0 250.0 3.2699997425079346 208 79 179
500.0 250.0 6.539999485015869 217 94 183
500.0 250.0 9.809999227523804 208 112 189
500.0 250.0 13.079998970031738 236 134 151
500.0 250.0 16.349998712539673 235 133 93
500.0 250.0 19.619998455047607 235 116 97
500.0 250.0 22.889998197555542 208 127 98
500.0 250.0 26.159997940063477 231 94 58
500.0 312.5 3.2699997425079346 220 123 168
500.0 312.5 6.539999485015869 227 127 167
500.0 312.5 9.809999227523804 197 134 161
500.0 312.5 13.079998970031738 222 175 97
500.0 312.5 16.349998712539673 194 155 59
500.0 312.5 19.619998455047607 214 138 54
500.0 312.5 22.889998197555542 170 126 57
500.0 312.5 26.159997940063477 213 100 35
500.0 375.0 3.2699997425079346 209 149 151
500.0 375.0 6.539999485015869 196 174 155
500.0 375.0 9.809999227523804 169 155 131
500.0 375.0 13.079998970031738 191 176 83
500.0 375.0 16.349998712539673 152 150 73
500.0 375.0 19.619998455047607 151 155 50
500.0 375.0 22.889998197555542 116 131 84
500.0 375.0 26.159997940063477 187 106 27
500.0 437.5 3.2699997425079346 199 154 157
500.0 437.5 6.539999485015869 166 212 135
500.0 437.5 9.809999227523804 155 168 97
500.0 437.5 13.079998970031738 146 175 99
500.0 437.5 16.349998712539673 96 150 128
500.0 437.5 19.619998455047607 78 137 118
500.0 437.5 22.889998197555542 80 131 150
500.0 437.5 26.159997940063477 156 93 63
500.0 500.0 3.2699997425079346 186 177 139
500.0 500.0 6.539999485015869 147 204 124
500.0 500.0 9.809999227523804 150 150 107
500.0 500.0 13.079998970031738 129 161 124
500.0 500.0 16.349998712539673 57 132 152
500.0 500.0 19.619998455047607 59 126 132
500.0 500.0 22.889998197555542 71 127 157
500.0 500.0 26.159997940063477 119 86 93
500.0 562.5 3.2699997425079346 164 195 114
500.0 562.5 6.539999485015869 147 169 172
500.0 562.5 9.809999227523804 153 148 154
500.0 562.5 13.079998970031738 140 181 108
500.0 562.5 16.349998712539673 75 117 149
500.0 562.5 19.619998455047607 68 125 114
500.0 562.5 22.889998197555542 60 111 156
500.0 562.5 26.159997940063477 94 74 99
500.0 625.0 3.2699997425079346 158 192 105
500.0 625.0 6.539999485015869 177 177 168
500.0 625.0 9.809999227523804 158 161 159
500.0 625.0 13.079998970031738 127 173 112
500.0 625.0 16.349998712539673 95 127 157
500.0 625.0 19.619998455047607 79 105 110
500.0 625.0 22.889998197555542 73 110 130
500.0 625.0 26.159997940063477 113 67 85
500.0 687.5 3.2699997425079346 145 189 99
500.0 687.5 6.539999485015869 179 206 125
500.0 687.5 9.809999227523804 169 191 136
500.0 687.5 13.079998970031738 134 165 137
500.0 687.5 16.349998712539673 107 125 165
500.0 687.5 19.619998455047607 99 96 120
500.0 687.5 22.889998197555542 82 105 110
500.0 687.5 26.159997940063477 131 83 75
500.0 750.0 6.539999485015869 148 232 78
500.0 750.0 9.809999227523804 146 235 82
500.0 750.0 13.079998970031738 117 187 110
500.0 750.0 16.349998712539673 105 159 128
500.0 750.0 19.619998455047607 94 123 100
500.0 750.0 22.889998197555542 81 125 98
500.0 812.5 9.809999227523804 90 196 57
500.0 812.5 13.079998970031738 72 170 93
500.0 812.5 16.349998712539673 67 168 93
500.0 812.5 19.619998455047607 82 133 86
500.0 812.5 22.889998197555542 61 111 77
500.0 875.0 13.079998970031738 66 121 79
500.0 875.0 19.619998455047607 58 122 97
562.5 62.5 9.809999227523804 144 14 101
562.5 62.5 13.079998970031738 115 37 105
562.5 62.5 16.349998712539673 128 47 82
562.5 62.5 19.619998455047607 138 52 40
562.5 62.5 22.889998197555542 143 35 58
562.5 125.0 6.539999485015869 176 22 134
562.5 125.0 9.809999227523804 183 9 133
562.5 125.0 13.079998970031738 172 20 141
562.5 125.0 16.349998712539673 187 27 105
562.5 125.0 19.619998455047607 181 37 66
562.5 125.0 22.889998197555542 159 34 80
562.5 125.0 26.159997940063477 183 40 66
562.5 187.5 3.2699997425079346 192 46 139
562.5 187.5 6.539999485015869 214 42 165
562.5 187.5 9.809999227523804 224 50 165
562.5 187.5 13.079998970031738 230 54 146
562.5 187.5 16.349998712539673 230 55 99
562.5 187.5 19.619998455047607 205 67 76
562.5 187.5 22.889998197555542 169 61 78
562.5 187.5 26.159997940063477 169 74 55
562.5 250.0 3.2699997425079346 237 73 151
562.5 250.0 6.539999485015869 246 79 160
562.5 250.0 9.809999227523804 228 98 173
562.5 250.0 13.079998970031738 244 117 110
562.5 250.0 16.349998712539673 220 104 71
562.5 250.0 19.619998455047607 189 108 52
562.5 250.0 22.889998197555542 158 85 63
562.5 250.0 26.159997940063477 138 80 44
562.5 312.5 3.2699997425079346 241 110 133
562.5 312.5 6.539999485015869 254 113 140
562.5 312.5 9.809999227523804 221 129 147
562.5 312.5 13.079998970031738 208 141 68
562.5 312.5 16.349998712539673 149 113 76
562.5 312.5 19.619998455047607 146 120 54
562.5 312.5 22.889998197555542 123 94 78
562.5 312.5 26.159997940063477 99 77 79
562.5 375.0 3.2699997425079346 234 138 130
562.5 375.0 6.539999485015869 241 166 110
562.5 375.0 9.809999227523804 200 171 127
562.5 375.0 13.079998970031738 170 129 87
562.5 375.0 16.349998712539673 97 95 144
562.5 375.0 19.619998455047607 92 109 100
562.5 375.0 22.889998197555542 103 95 130
562.5 437.5 3.2699997425079346 218 142 132
562.5 437.5 6.539999485015869 205 197 107
562.5 437.5 9.809999227523804 178 184 119
562.5 437.5 13.079998970031738 136 132 118
562.5 437.5 16.349998712539673 91 113 183
562.5 437.5 19.619998455047607 78 110 135
562.5 437.5 22.889998197555542 98 125 157
562.5 500.0 3.2699997425079346 204 165 131
562.5 500.0 6.539999485015869 171 167 153
562.5 500.0 9.809999227523804 152 154 165
562.5 500.0 13.079998970031738 130 150 131
562.5 500.0 16.349998712539673 76 139 167
562.5 500.0 19.619998455047607 55 132 114
562.5 500.0 22.889998197555542 72 144 152
562.5 562.5 3.2699997425079346 181 189 102
562.5 562.5 6.539999485015869 180 157 181
562.5 562.5 9.809999227523804 179 148 179
562.5 562.5 13.079998970031738 154 184 126
562.5 562.5 16.349998712539673 94 136 152
562.5 562.5 19.619998455047607 56 133 104
562.5 562.5 22.889998197555542 73 144 146
562.5 562.5 26.159997940063477 60 102 144
562.5 625.0 3.2699997425079346 163 181 95
562.5 625.0 6.539999485015869 194 183 146
562.5 625.0 9.809999227523804 182 178 139
562.5 625.0 13.079998970031738 143 179 116
562.5 625.0 16.349998712539673 107 113 131
562.5 625.0 19.619998455047607 69 96 120
562.5 625.0 22.889998197555542 68 132 132
562.5 625.0 26.159997940063477 74 85 119
562.5 687.5 3.2699997425079346 162 185 91
562.5 687.5 6.539999485015869 188 206 102
562.5 687.5 9.809999227523804 178 195 122
562.5 687.5 13.079998970031738 156 175 122
562.5 687.5 16.349998712539673 128 112 152
562.5 687.5 19.619998455047607 104 90 132
562.5 687.5 22.889998197555542 73 120 124
562.5 687.5 26.159997940063477 101 88 96
562.5 750.0 6.539999485015869 160 214 58
562.5 750.0 9.809999227523804 147 217 61
562.5 750.0 13.079998970031738 137 190 87
562.5 750.0 16.349998712539673 116 164 120
562.5 750.0 19.619998455047607 90 132 93
562.5 750.0 22.889998197555542 72 134 104
562.5 750.0 26.159997940063477 108 110 86
562.5 812.5 9.809999227523804 83 181 48
562.5 812.5 13.079998970031738 88 175 72
562.5 812.5 16.349998712539673 77 179 93
562.5 812.5 19.619998455047607 75 128 98
562.5 812.5 22.889998197555542 52 125 113
562.5 875.0 13.079998970031738 74 125 64
562.5 875.0 16.349998712539673 63 155 70
562.5 875.0 19.619998455047607 63 125 109
625.0 62.5 9.809999227523804 117 16 95
625.0 62.5 13.079998970031738 116 44 136
625.0 62.5 16.349998712539673 118 28 95
625.0 62.5 19.619998455047607 74 64 61
625.0 62.5 22.889998197555542 95 42 103
625.0 125.0 6.539999485015869 171 20 127
625.0 125.0 9.809999227523804 158 10 118
625.0 125.0 13.079998970031738 158 27 143
625.0 125.0 16.349998712539673 180 19 92
625.0 125.0 19.619998455047607 111 34 77
625.0 125.0 22.889998197555542 106 43 121
625.0 125.0 26.159997940063477 132 76 97
625.0 187.5 3.2699997425079346 201 33 111
625.0 187.5 6.539999485015869 197 39 143
625.0 187.5 9.809999227523804 205 31 146
625.0 187.5 13.079998970031738 199 45 124
625.0 187.5 16.349998712539673 207 39 81
625.0 187.5 19.619998455047607 148 40 71
625.0 187.5 22.889998197555542 114 64 119
625.0 187.5 26.159997940063477 100 92 101
625.0 250.0 3.2699997425079346 240 61 112
625.0 250.0 6.539999485015869 229 71 126
625.0 250.0 9.809999227523804 228 93 134
625.0 250.0 13.079998970031738 219 92 90
625.0 250.0 16.349998712539673 179 84 66
625.0 250.0 19.619998455047607 136 93 73
625.0 250.0 22.889998197555542 119 99 109
625.0 250.0 26.159997940063477 87 93 124
625.0 312.5 3.2699997425079346 232 96 100
625.0 312.5 6.539999485015869 223 98 100
625.0 312.5 9.809999227523804 212 123 106
625.0 312.5 13.079998970031738 188 100 84
625.0 312.5 16.349998712539673 133 75 113
625.0 312.5 19.619998455047607 100 102 120
625.0 312.5 22.889998197555542 103 89 136
625.0 375.0 3.2699997425079346 230 127 105
625.0 375.0 6.539999485015869 219 127 94
625.0 375.0 9.809999227523804 211 142 115
625.0 375.0 13.079998970031738 171 107 127
625.0 375.0 16.349998712539673 132 87 171
625.0 375.0 19.619998455047607 83 104 154
625.0 437.5 3.2699997425079346 223 125 108
625.0 437.5 6.539999485015869 201 149 120
625.0 437.5 9.809999227523804 181 174 135
625.0 437.5 13.079998970031738 152 135 144
625.0 437.5 16.349998712539673 132 130 167
625.0 437.5 19.619998455047607 72 125 141
625.0 500.0 3.2699997425079346 213 151 115
625.0 500.0 6.539999485015869 183 141 168
625.0 500.0 9.809999227523804 176 150 165
625.0 500.0 13.079998970031738 166 141 135
625.0 500.0 16.349998712539673 124 140 134
625.0 500.0 19.619998455047607 64 132 119
625.0 562.5 3.2699997425079346 191 175 94
625.0 562.5 6.539999485015869 207 149 160
625.0 562.5 9.809999227523804 201 158 148
625.0 562.5 13.079998970031738 189 158 105
625.0 562.5 16.349998712539673 132 140 111
625.0 562.5 19.619998455047607 69 143 123
625.0 562.5 22.889998197555542 106 147 104
625.0 625.0 3.2699997425079346 168 170 93
625.0 625.0 6.539999485015869 202 181 115
625.0 625.0 9.809999227523804 191 184 114
625.0 625.0 13.079998970031738 166 169 106
625.0 625.0 16.349998712539673 109 106 131
625.0 625.0 19.619998455047607 65 120 150
625.0 625.0 22.889998197555542 73 149 118
625.0 625.0 26.159997940063477 72 122 125
625.0 687.5 3.2699997425079346 169 171 65
625.0 687.5 6.539999485015869 193 202 68
625.0 687.5 9.809999227523804 195 199 93
625.0 687.5 13.079998970031738 179 177 100
625.0 687.5 16.349998712539673 138 119 150
625.0 687.5 19.619998455047607 96 121 140
625.0 687.5 22.889998197555542 73 142 130
625.0 687.5 26.159997940063477 83 114 112
625.0 750.0 6.539999485015869 166 195 33
625.0 750.0 9.809999227523804 141 210 45
625.0 750.0 13.079998970031738 156 191 68
625.0 750.0 16.349998712539673 132 180 95
625.0 750.0 19.619998455047607 88 143 101
625.0 750.0 22.889998197555542 72 147 108
625.0 750.0 26.159997940063477 86 125 85
625.0 812.5 9.809999227523804 78 173 49
625.0 812.5 13.079998970031738 100 181 48
625.0 812.5 16.349998712539673 98 194 71
625.0 812.5 19.619998455047607 78 138 104
625.0 812.5 22.889998197555542 56 140 99
625.0 812.5 26.159997940063477 85 110 74
625.0 875.0 13.079998970031738 68 134 43
625.0 875.0 16.349998712539673 61 178 52
625.0 875.0 19.619998455047607 65 131 99
625.0 875.0 22.889998197555542 33 115 96
687.5 62.5 9.809999227523804 104 39 107
687.5 62.5 13.079998970031738 130 38 120
687.5 62.5 16.349998712539673 105 37 96
687.5 62.5 19.619998455047607 51 72 109
687.5 62.5 22.889998197555542 109 32 122
687.5 125.0 6.539999485015869 149 15 121
687.5 125.0 9.809999227523804 139 20 118
687.5 125.0 13.079998970031738 154 42 119
687.5 125.0 16.349998712539673 138 24 85
687.5 125.0 19.619998455047607 82 51 117
687.5 125.0 22.889998197555542 121 58 140
687.5 125.0 26.159997940063477 120 79 112
687.5 187.5 3.2699997425079346 172 38 92
687.5 187.5 6.539999485015869 179 42 123
687.5 187.5 9.809999227523804 184 31 129
687.5 187.5 13.079998970031738 167 63 109
687.5 187.5 16.349998712539673 154 38 81
687.5 187.5 19.619998455047607 102 52 109
687.5 187.5 22.889998197555542 127 86 115
687.5 187.5 26.159997940063477 103 93 135
687.5 250.0 3.2699997425079346 200 61 100
687.5 250.0 6.539999485015869 204 72 122
687.5 250.0 9.809999227523804 219 80 125
687.5 250.0 13.079998970031738 172 97 117
687.5 250.0 16.349998712539673 140 65 86
687.5 250.0 19.619998455047607 112 74 113
687.5 250.0 22.889998197555542 136 103 115
687.5 250.0 26.159997940063477 106 123 155
687.5 312.5 3.2699997425079346 208 81 92
687.5 312.5 6.539999485015869 201 86 116
687.5 312.5 9.809999227523804 200 101 115
687.5 312.5 13.079998970031738 152 97 136
687.5 312.5 16.349998712539673 139 49 144
687.5 312.5 19.619998455047607 113 79 144
687.5 312.5 22.889998197555542 131 98 137
687.5 375.0 3.2699997425079346 207 116 97
687.5 375.0 6.539999485015869 199 112 114
687.5 375.0 9.809999227523804 199 122 128
687.5 375.0 13.079998970031738 162 111 166
687.5 375.0 16.349998712539673 163 65 156
687.5 375.0 19.619998455047607 116 92 136
687.5 375.0 22.889998197555542 135 101 125
687.5 437.5 3.2699997425079346 195 118 106
687.5 437.5 6.539999485015869 181 130 129
687.5 437.5 9.809999227523804 176 161 142
687.5 437.5 13.079998970031738 165 149 140
687.5 437.5 16.349998712539673 171 112 123
687.5 437.5 19.619998455047607 106 117 111
687.5 437.5 22.889998197555542 144 107 107
687.5 500.0 3.2699997425079346 205 127 114
687.5 500.0 6.539999485015869 196 121 153
687.5 500.0 9.809999227523804 191 141 142
687.5 500.0 13.079998970031738 181 147 116
687.5 500.0 16.349998712539673 151 127 97
687.5 500.0 19.619998455047607 99 112 99
687.5 500.0 22.889998197555542 140 119 86
687.5 562.5 3.2699997425079346 191 143 93
687.5 562.5 6.539999485015869 206 120 133
687.5 562.5 9.809999227523804 206 140 119
687.5 562.5 13.079998970031738 180 138 104
687.5 562.5 16.349998712539673 129 111 118
687.5 562.5 19.619998455047607 86 108 138
687.5 562.5 22.889998197555542 105 107 88
687.5 562.5 26.159997940063477 102 115 122
687.5 625.0 3.2699997425079346 174 145 74
687.5 625.0 6.539999485015869 209 156 92
687.5 625.0 9.809999227523804 204 168 92
687.5 625.0 13.079998970031738 175 144 109
687.5 625.0 16.349998712539673 126 116 173
687.5 625.0 19.619998455047607 95 121 166
687.5 625.0 22.889998197555542 94 117 148
687.5 625.0 26.159997940063477 88 121 148
687.5 687.5 3.2699997425079346 162 152 40
687.5 687.5 6.539999485015869 198 185 30
687.5 687.5 9.809999227523804 200 181 50
687.5 687.5 13.079998970031738 189 162 103
687.5 687.5 16.349998712539673 153 157 160
687.5 687.5 19.619998455047607 110 146 140
687.5 687.5 22.889998197555542 93 145 152
687.5 687.5 26.159997940063477 84 127 151
687.5 750.0 6.539999485015869 157 175 10
687.5 750.0 9.809999227523804 137 195 30
687.5 750.0 13.079998970031738 157 186 60
687.5 750.0 16.349998712539673 135 205 94
687.5 750.0 19.619998455047607 97 160 100
687.5 750.0 22.889998197555542 86 168 125
687.5 750.0 26.159997940063477 80 141 129
687.5 812.5 9.809999227523804 86 168 39
687.5 812.5 13.079998970031738 108 180 31
687.5 812.5 16.349998712539673 107 199 58
687.5 812.5 19.619998455047607 80 157 98
687.5 812.5 22.889998197555542 62 162 115
687.5 812.5 26.159997940063477 74 142 102
687.5 875.0 13.079998970031738 68 138 26
687.5 875.0 16.349998712539673 66 175 43
687.5 875.0 19.619998455047607 56 150 82
687.5 875.0 22.889998197555542 29 150 105
750.0 62.5 13.079998970031738 146 64 108
750.0 62.5 16.349998712539673 108 67 100
750.0 62.5 19.619998455047607 79 56 125
750.0 62.5 22.889998197555542 127 30 110
750.0 125.0 9.809999227523804 156 36 96
750.0 125.0 13.079998970031738 147 75 89
750.0 125.0 16.349998712539673 108 60 100
750.0 125.0 19.619998455047607 99 65 122
750.0 125.0 22.889998197555542 149 69 105
750.0 125.0 26.159997940063477 128 85 105
750.0 187.5 6.539999485015869 176 53 117
750.0 187.5 9.809999227523804 186 36 102
750.0 187.5 13.079998970031738 163 70 91
750.0 187.5 16.349998712539673 120 64 116
750.0 187.5 19.619998455047607 98 80 105
750.0 187.5 22.889998197555542 138 94 92
750.0 187.5 26.159997940063477 147 97 124
750.0 250.0 3.2699997425079346 155 70 79
750.0 250.0 6.539999485015869 194 73 114
750.0 250.0 9.809999227523804 222 68 99
750.0 250.0 13.079998970031738 164 90 115
750.0 250.0 16.349998712539673 119 66 119
750.0 250.0 19.619998455047607 99 68 136
750.0 250.0 22.889998197555542 119 90 119
750.0 250.0 26.159997940063477 141 127 112
750.0 312.5 3.2699997425079346 182 83 69
750.0 312.5 6.539999485015869 190 94 124
750.0 312.5 9.809999227523804 213 98 111
750.0 312.5 13.079998970031738 160 92 132
750.0 312.5 16.349998712539673 156 55 141
750.0 312.5 19.619998455047607 131 69 154
750.0 312.5 22.889998197555542 135 82 135
750.0 375.0 3.2699997425079346 179 107 67
750.0 375.0 6.539999485015869 178 111 108
750.0 375.0 9.809999227523804 196 113 117
750.0 375.0 13.079998970031738 180 110 124
750.0 375.0 16.349998712539673 171 80 119
750.0 375.0 19.619998455047607 121 82 143
750.0 375.0 22.889998197555542 121 95 135
750.0 375.0 26.159997940063477 109 97 135
750.0 437.5 3.2699997425079346 175 104 89
750.0 437.5 6.539999485015869 167 108 111
750.0 437.5 9.809999227523804 188 141 119
750.0 437.5 13.079998970031738 181 140 107
750.0 437.5 16.349998712539673 162 101 88
750.0 437.5 19.619998455047607 108 102 138
750.0 437.5 22.889998197555542 112 103 119
750.0 437.5 26.159997940063477 94 110 137
750.0 500.0 3.2699997425079346 195 109 99
750.0 500.0 6.539999485015869 198 91 113
750.0 500.0 9.809999227523804 192 125 102
750.0 500.0 13.079998970031738 178 146 107
750.0 500.0 16.349998712539673 149 103 118
750.0 500.0 19.619998455047607 94 102 154
750.0 500.0 22.889998197555542 106 100 111
750.0 500.0 26.159997940063477 97 100 135
750.0 562.5 3.2699997425079346 181 123 76
750.0 562.5 6.539999485015869 212 89 107
750.0 562.5 9.809999227523804 203 118 98
750.0 562.5 13.079998970031738 167 152 111
750.0 562.5 16.349998712539673 148 118 158
750.0 562.5 19.619998455047607 110 107 185
750.0 562.5 22.889998197555542 90 88 148
750.0 562.5 26.159997940063477 93 97 162
750.0 625.0 3.2699997425079346 170 122 59
750.0 625.0 6.539999485015869 210 131 79
750.0 625.0 9.809999227523804 206 139 71
750.0 625.0 13.079998970031738 182 153 116
750.0 625.0 16.349998712539673 163 143 169
750.0 625.0 19.619998455047607 130 137 197
750.0 625.0 22.889998197555542 116 111 184
750.0 625.0 26.159997940063477 113 116 193
750.0 687.5 3.2699997425079346 138 133 43
750.0 687.5 6.539999485015869 181 169 26
750.0 687.5 9.809999227523804 186 162 33
750.0 687.5 13.079998970031738 192 154 98
750.0 687.5 16.349998712539673 172 174 131
750.0 687.5 19.619998455047607 135 177 162
750.0 687.5 22.889998197555542 120 151 169
750.0 687.5 26.159997940063477 114 144 169
750.0 750.0 6.539999485015869 145 161 22
750.0 750.0 9.809999227523804 141 173 24
750.0 750.0 13.079998970031738 162 188 62
750.0 750.0 16.349998712539673 148 206 83
750.0 750.0 19.619998455047607 119 194 110
750.0 750.0 22.889998197555542 101 178 136
750.0 750.0 26.159997940063477 94 166 131
750.0 812.5 13.079998970031738 111 175 24
750.0 812.5 16.349998712539673 113 188 38
750.0 812.5 19.619998455047607 97 186 86
750.0 812.5 22.889998197555542 78 170 115
750.0 812.5 26.159997940063477 80 154 96
750.0 875.0 16.349998712539673 61 156 47
750.0 875.0 19.619998455047607 62 182 77
750.0 875.0 22.889998197555542 49 179 101
812.5 125.0 13.079998970031738 145 80 47
812.5 125.0 16.349998712539673 128 43 87
812.5 125.0 19.619998455047607 136 43 112
812.5 125.0 22.889998197555542 137 48 81
812.5 187.5 9.809999227523804 153 39 80
812.5 187.5 13.079998970031738 146 62 65
812.5 187.5 16.349998712539673 134 60 111
812.5 187.5 19.619998455047607 118 72 103
812.5 187.5 22.889998197555542 126 49 82
812.5 250.0 6.539999485015869 186 69 106
812.5 250.0 9.809999227523804 191 51 89
812.5 250.0 13.079998970031738 161 62 103
812.5 250.0 16.349998712539673 134 63 112
812.5 250.0 19.619998455047607 135 56 127
812.5 250.0 22.889998197555542 145 38 112
812.5 312.5 6.539999485015869 188 93 107
812.5 312.5 9.809999227523804 207 76 91
812.5 312.5 13.079998970031738 190 51 125
812.5 312.5 16.349998712539673 184 33 126
812.5 312.5 19.619998455047607 159 61 136
812.5 375.0 6.539999485015869 172 102 100
812.5 375.0 9.809999227523804 195 96 111
812.5 375.0 13.079998970031738 213 72 132
812.5 375.0 16.349998712539673 183 80 120
812.5 375.0 19.619998455047607 148 76 185
812.5 375.0 22.889998197555542 130 96 182
812.5 437.5 6.539999485015869 155 98 118
812.5 437.5 9.809999227523804 186 112 128
812.5 437.5 13.079998970031738 209 118 131
812.5 437.5 16.349998712539673 151 115 131
812.5 437.5 19.619998455047607 143 112 209
812.5 437.5 22.889998197555542 120 117 196
812.5 500.0 6.539999485015869 174 79 114
812.5 500.0 9.809999227523804 194 105 123
812.5 500.0 13.079998970031738 187 138 124
812.5 500.0 16.349998712539673 151 121 145
812.5 500.0 19.619998455047607 126 139 194
812.5 500.0 22.889998197555542 98 123 170
812.5 562.5 6.539999485015869 198 84 105
812.5 562.5 9.809999227523804 191 118 109
812.5 562.5 13.079998970031738 172 142 118
812.5 562.5 16.349998712539673 157 116 143
812.5 562.5 19.619998455047607 137 126 191
812.5 562.5 22.889998197555542 101 89 178
812.5 625.0 6.539999485015869 196 122 67
812.5 625.0 9.809999227523804 189 137 66
812.5 625.0 13.079998970031738 179 142 98
812.5 625.0 16.349998712539673 171 142 126
812.5 625.0 19.619998455047607 163 156 194
812.5 625.0 22.889998197555542 136 107 181
812.5 687.5 6.539999485015869 170 159 32
812.5 687.5 9.809999227523804 170 150 39
812.5 687.5 13.079998970031738 182 142 76
812.5 687.5 16.349998712539673 168 166 94
812.5 687.5 19.619998455047607 166 197 145
812.5 687.5 22.889998197555542 134 166 157
812.5 750.0 13.079998970031738 145 166 44
812.5 750.0 16.349998712539673 139 183 54
812.5 750.0 19.619998455047607 137 196 90
812.5 750.0 22.889998197555542 111 187 120
812.5 812.5 16.349998712539673 81 172 37
812.5 812.5 19.619998455047607 108 182 57
812.5 812.5 22.889998197555542 90 178 87
