x y z r g b
0.9765620231628418 1.9531240463256836 16.34999990463257 51 95 95
0.9765620231628418 1.9531240463256836 19.619999885559082 81 117 50
0.9765620231628418 1.9531240463256836 22.889999866485596 60 109 89
0.9765620231628418 1.9531240463256836 26.15999984741211 68 123 97
0.9765620231628418 1.9531240463256836 29.429999828338623 81 116 71
0.9765620231628418 1.9531240463256836 32.69999980926514 78 112 51
0.9765620231628418 1.9531240463256836 35.96999979019165 72 119 59
0.9765620231628418 2.9296860694885254 13.079999923706055 64 113 85
0.9765620231628418 2.9296860694885254 16.34999990463257 87 102 60
0.9765620231628418 2.9296860694885254 19.619999885559082 117 103 33
0.9765620231628418 2.9296860694885254 22.889999866485596 81 112 59
0.9765620231628418 2.9296860694885254 26.15999984741211 85 115 93
0.9765620231628418 2.9296860694885254 29.429999828338623 82 95 86
0.9765620231628418 2.9296860694885254 32.69999980926514 82 89 65
0.9765620231628418 2.9296860694885254 35.96999979019165 92 115 51
0.9765620231628418 3.906248092651367 9.809999942779541 68 118 95
0.9765620231628418 3.906248092651367 13.079999923706055 83 108 54
0.9765620231628418 3.906248092651367 16.34999990463257 118 86 43
0.9765620231628418 3.906248092651367 19.619999885559082 124 83 33
0.9765620231628418 3.906248092651367 22.889999866485596 91 95 55
0.9765620231628418 3.906248092651367 26.15999984741211 90 112 88
0.9765620231628418 3.906248092651367 29.429999828338623 76 90 74
0.9765620231628418 3.906248092651367 32.69999980926514 71 86 54
0.9765620231628418 3.906248092651367 35.96999979019165 82 107 55
0.9765620231628418 4.882810115814209 9.809999942779541 71 112 90
0.9765620231628418 4.882810115814209 13.079999923706055 79 80 57
0.9765620231628418 4.882810115814209 16.34999990463257 111 60 47
0.9765620231628418 4.882810115814209 19.619999885559082 117 79 40
0.9765620231628418 4.882810115814209 22.889999866485596 95 76 55
0.9765620231628418 4.882810115814209 26.15999984741211 96 93 84
0.9765620231628418 4.882810115814209 29.429999828338623 77 89 75
0.9765620231628418 4.882810115814209 32.69999980926514 73 94 53
0.9765620231628418 5.859372138977051 6.539999961853027 68 119 109
0.9765620231628418 5.859372138977051 9.809999942779541 59 99 85
0.9765620231628418 5.859372138977051 13.079999923706055 66 79 63
0.9765620231628418 5.859372138977051 16.34999990463257 98 62 60
0.9765620231628418 5.859372138977051 22.889999866485596 76 71 68
0.9765620231628418 5.859372138977051 26.15999984741211 78 92 91
0.9765620231628418 6.835934162139893 9.809999942779541 53 111 87
1.9531240463256836 0.9765620231628418 16.34999990463257 61 130 88
1.9531240463256836 0.9765620231628418 19.619999885559082 97 155 52
1.9531240463256836 0.9765620231628418 22.889999866485596 92 126 74
1.9531240463256836 0.9765620231628418 26.15999984741211 98 121 77
1.9531240463256836 0.9765620231628418 29.429999828338623 110 133 43
1.9531240463256836 0.9765620231628418 32.69999980926514 102 123 41
1.9531240463256836 0.9765620231628418 35.96999979019165 85 125 37
1.9531240463256836 1.9531240463256836 13.079999923706055 71 120 93
1.9531240463256836 1.9531240463256836 16.34999990463257 120 138 40
1.9531240463256836 1.9531240463256836 19.619999885559082 155 139 30
1.9531240463256836 1.9531240463256836 22.889999866485596 113 113 43
1.9531240463256836 1.9531240463256836 26.15999984741211 117 120 51
1.9531240463256836 1.9531240463256836 29.429999828338623 119 109 54
1.9531240463256836 1.9531240463256836 32.69999980926514 117 105 53
1.9531240463256836 1.9531240463256836 35.96999979019165 124 128 38
1.9531240463256836 1.9531240463256836 39.239999771118164 83 123 45
1.9531240463256836 2.9296860694885254 9.809999942779541 86 132 99
1.9531240463256836 2.9296860694885254 13.079999923706055 101 103 79
1.9531240463256836 2.9296860694885254 16.34999990463257 158 104 44
1.9531240463256836 2.9296860694885254 19.619999885559082 174 105 43
1.9531240463256836 2.9296860694885254 22.889999866485596 119 93 51
1.9531240463256836 2.9296860694885254 26.15999984741211 116 97 74
1.9531240463256836 2.9296860694885254 29.429999828338623 109 91 80
1.9531240463256836 2.9296860694885254 32.69999980926514 114 84 71
1.9531240463256836 2.9296860694885254 35.96999979019165 128 98 52
1.9531240463256836 2.9296860694885254 39.239999771118164 97 104 40
1.9531240463256836 3.906248092651367 6.539999961853027 72 119 134
1.9531240463256836 3.906248092651367 9.809999942779541 109 120 53
1.9531240463256836 3.906248092651367 13.079999923706055 123 87 52
1.9531240463256836 3.906248092651367 16.34999990463257 157 82 69
1.9531240463256836 3.906248092651367 19.619999885559082 160 74 53
1.9531240463256836 3.906248092651367 22.889999866485596 113 85 62
1.9531240463256836 3.906248092651367 26.15999984741211 104 102 88
1.9531240463256836 3.906248092651367 29.429999828338623 96 86 82
1.9531240463256836 3.906248092651367 32.69999980926514 102 86 61
1.9531240463256836 3.906248092651367 35.96999979019165 113 70 58
1.9531240463256836 3.906248092651367 39.239999771118164 89 87 41
1.9531240463256836 4.882810115814209 6.539999961853027 65 114 91
1.9531240463256836 4.882810115814209 9.809999942779541 133 93 44
1.9531240463256836 4.882810115814209 13.079999923706055 128 63 47
1.9531240463256836 4.882810115814209 16.34999990463257 137 61 85
1.9531240463256836 4.882810115814209 19.619999885559082 142 75 63
1.9531240463256836 4.882810115814209 22.889999866485596 113 74 82
1.9531240463256836 4.882810115814209 26.15999984741211 110 99 98
1.9531240463256836 4.882810115814209 29.429999828338623 95 83 87
1.9531240463256836 4.882810115814209 32.69999980926514 99 78 73
1.9531240463256836 4.882810115814209 35.96999979019165 98 72 64
1.9531240463256836 5.859372138977051 3.2699999809265137 51 133 76
1.9531240463256836 5.859372138977051 6.539999961853027 73 119 78
1.9531240463256836 5.859372138977051 9.809999942779541 123 59 44
1.9531240463256836 5.859372138977051 13.079999923706055 118 49 55
1.9531240463256836 5.859372138977051 16.34999990463257 112 50 90
1.9531240463256836 5.859372138977051 19.619999885559082 119 70 84
1.9531240463256836 5.859372138977051 22.889999866485596 101 61 98
1.9531240463256836 5.859372138977051 26.15999984741211 97 74 112
1.9531240463256836 5.859372138977051 29.429999828338623 83 77 95
1.9531240463256836 5.859372138977051 32.69999980926514 80 74 80
1.9531240463256836 5.859372138977051 35.96999979019165 82 84 71
1.9531240463256836 6.835934162139893 6.539999961853027 67 100 85
1.9531240463256836 6.835934162139893 9.809999942779541 118 56 49
1.9531240463256836 6.835934162139893 13.079999923706055 97 62 65
1.9531240463256836 6.835934162139893 16.34999990463257 91 58 90
1.9531240463256836 6.835934162139893 22.889999866485596 79 60 99
1.9531240463256836 6.835934162139893 26.15999984741211 74 82 103
1.9531240463256836 7.812496185302734 9.809999942779541 92 63 71
1.9531240463256836 7.812496185302734 13.079999923706055 77 88 81
2.9296860694885254 0.9765620231628418 13.079999923706055 52 125 124
2.9296860694885254 0.9765620231628418 16.34999990463257 90 157 83
2.9296860694885254 0.9765620231628418 19.619999885559082 142 153 58
2.9296860694885254 0.9765620231628418 22.889999866485596 117 132 62
2.9296860694885254 0.9765620231628418 26.15999984741211 134 127 65
2.9296860694885254 0.9765620231628418 29.429999828338623 148 125 63
2.9296860694885254 0.9765620231628418 32.69999980926514 135 112 56
2.9296860694885254 0.9765620231628418 35.96999979019165 135 137 30
2.9296860694885254 1.9531240463256836 9.809999942779541 51 131 89
2.9296860694885254 1.9531240463256836 13.079999923706055 80 143 99
2.9296860694885254 1.9531240463256836 16.34999990463257 160 166 53
2.9296860694885254 1.9531240463256836 19.619999885559082 169 136 63
2.9296860694885254 1.9531240463256836 22.889999866485596 131 103 52
2.9296860694885254 1.9531240463256836 26.15999984741211 136 101 70
2.9296860694885254 1.9531240463256836 29.429999828338623 131 80 76
2.9296860694885254 1.9531240463256836 32.69999980926514 119 74 77
2.9296860694885254 1.9531240463256836 35.96999979019165 137 105 47
2.9296860694885254 1.9531240463256836 39.239999771118164 132 121 30
2.9296860694885254 2.9296860694885254 6.539999961853027 59 117 95
2.9296860694885254 2.9296860694885254 9.809999942779541 129 142 49
2.9296860694885254 2.9296860694885254 13.079999923706055 123 117 70
2.9296860694885254 2.9296860694885254 16.34999990463257 175 102 94
2.9296860694885254 2.9296860694885254 19.619999885559082 165 104 90
2.9296860694885254 2.9296860694885254 22.889999866485596 135 81 69
2.9296860694885254 2.9296860694885254 26.15999984741211 122 86 89
2.9296860694885254 2.9296860694885254 29.429999828338623 115 81 81
2.9296860694885254 2.9296860694885254 32.69999980926514 111 86 80
2.9296860694885254 2.9296860694885254 35.96999979019165 131 87 65
2.9296860694885254 2.9296860694885254 39.239999771118164 131 79 50
2.9296860694885254 3.906248092651367 3.2699999809265137 61 145 74
2.9296860694885254 3.906248092651367 6.539999961853027 83 117 58
2.9296860694885254 3.906248092651367 9.809999942779541 160 104 40
2.9296860694885254 3.906248092651367 13.079999923706055 156 92 58
2.9296860694885254 3.906248092651367 16.34999990463257 148 80 107
2.9296860694885254 3.906248092651367 19.619999885559082 141 80 78
2.9296860694885254 3.906248092651367 22.889999866485596 119 82 66
2.9296860694885254 3.906248092651367 26.15999984741211 106 91 92
2.9296860694885254 3.906248092651367 29.429999828338623 97 91 84
2.9296860694885254 3.906248092651367 32.69999980926514 96 98 76
2.9296860694885254 3.906248092651367 35.96999979019165 107 66 75
2.9296860694885254 3.906248092651367 39.239999771118164 117 62 57
2.9296860694885254 4.882810115814209 3.2699999809265137 62 119 56
2.9296860694885254 4.882810115814209 6.539999961853027 106 101 37
2.9296860694885254 4.882810115814209 9.809999942779541 179 78 50
2.9296860694885254 4.882810115814209 13.079999923706055 169 75 69
2.9296860694885254 4.882810115814209 16.34999990463257 128 78 96
2.9296860694885254 4.882810115814209 19.619999885559082 125 78 63
2.9296860694885254 4.882810115814209 22.889999866485596 103 75 82
2.9296860694885254 4.882810115814209 26.15999984741211 98 101 109
2.9296860694885254 4.882810115814209 29.429999828338623 97 95 85
2.9296860694885254 4.882810115814209 32.69999980926514 98 97 80
2.9296860694885254 4.882810115814209 35.96999979019165 94 67 68
2.9296860694885254 4.882810115814209 39.239999771118164 105 62 51
2.9296860694885254 5.859372138977051 3.2699999809265137 68 104 45
2.9296860694885254 5.859372138977051 6.539999961853027 116 69 35
2.9296860694885254 5.859372138977051 9.809999942779541 176 52 75
2.9296860694885254 5.859372138977051 13.079999923706055 158 60 75
2.9296860694885254 5.859372138977051 16.34999990463257 100 57 83
2.9296860694885254 5.859372138977051 19.619999885559082 100 66 76
2.9296860694885254 5.859372138977051 22.889999866485596 84 59 97
2.9296860694885254 5.859372138977051 26.15999984741211 90 92 104
2.9296860694885254 5.859372138977051 29.429999828338623 86 76 84
2.9296860694885254 5.859372138977051 32.69999980926514 85 72 85
2.9296860694885254 5.859372138977051 35.96999979019165 88 72 74
2.9296860694885254 5.859372138977051 39.239999771118164 85 67 57
2.9296860694885254 6.835934162139893 3.2699999809265137 58 101 54
2.9296860694885254 6.835934162139893 6.539999961853027 105 45 47
2.9296860694885254 6.835934162139893 9.809999942779541 162 37 84
2.9296860694885254 6.835934162139893 13.079999923706055 135 53 72
2.9296860694885254 6.835934162139893 16.34999990463257 92 59 84
2.9296860694885254 6.835934162139893 19.619999885559082 85 60 88
2.9296860694885254 6.835934162139893 22.889999866485596 74 58 106
2.9296860694885254 6.835934162139893 26.15999984741211 90 82 109
2.9296860694885254 6.835934162139893 29.429999828338623 87 79 83
2.9296860694885254 6.835934162139893 32.69999980926514 75 71 91
2.9296860694885254 6.835934162139893 35.96999979019165 71 85 88
2.9296860694885254 7.812496185302734 6.539999961853027 91 46 64
2.9296860694885254 7.812496185302734 9.809999942779541 129 36 95
2.9296860694885254 7.812496185302734 13.079999923706055 112 52 80
2.9296860694885254 7.812496185302734 16.34999990463257 87 81 90
2.9296860694885254 7.812496185302734 22.889999866485596 66 63 111
2.9296860694885254 7.812496185302734 26.15999984741211 74 100 108
2.9296860694885254 8.789058208465576 9.809999942779541 88 69 107
2.9296860694885254 8.789058208465576 13.079999923706055 81 81 118
3.906248092651367 0.9765620231628418 13.079999923706055 54 142 112
3.906248092651367 0.9765620231628418 16.34999990463257 113 170 72
3.906248092651367 0.9765620231628418 19.619999885559082 142 165 94
3.906248092651367 0.9765620231628418 22.889999866485596 135 141 76
3.906248092651367 0.9765620231628418 26.15999984741211 151 142 74
3.906248092651367 0.9765620231628418 29.429999828338623 152 140 91
3.906248092651367 0.9765620231628418 32.69999980926514 139 120 84
3.906248092651367 0.9765620231628418 35.96999979019165 144 151 62
3.906248092651367 1.9531240463256836 6.539999961853027 51 107 80
3.906248092651367 1.9531240463256836 9.809999942779541 106 148 46
3.906248092651367 1.9531240463256836 13.079999923706055 96 158 87
3.906248092651367 1.9531240463256836 16.34999990463257 158 162 93
3.906248092651367 1.9531240463256836 19.619999885559082 160 141 76
3.906248092651367 1.9531240463256836 22.889999866485596 149 108 59
3.906248092651367 1.9531240463256836 26.15999984741211 144 94 81
3.906248092651367 1.9531240463256836 29.429999828338623 141 96 87
3.906248092651367 1.9531240463256836 32.69999980926514 118 85 79
3.906248092651367 1.9531240463256836 35.96999979019165 142 111 59
3.906248092651367 1.9531240463256836 39.239999771118164 160 150 54
3.906248092651367 2.9296860694885254 3.2699999809265137 52 129 90
3.906248092651367 2.9296860694885254 6.539999961853027 119 132 42
3.906248092651367 2.9296860694885254 9.809999942779541 172 122 43
3.906248092651367 2.9296860694885254 13.079999923706055 154 126 64
3.906248092651367 2.9296860694885254 16.34999990463257 164 113 118
3.906248092651367 2.9296860694885254 19.619999885559082 162 116 72
3.906248092651367 2.9296860694885254 22.889999866485596 153 108 64
3.906248092651367 2.9296860694885254 26.15999984741211 117 96 83
3.906248092651367 2.9296860694885254 29.429999828338623 122 90 81
3.906248092651367 2.9296860694885254 32.69999980926514 103 99 65
3.906248092651367 2.9296860694885254 35.96999979019165 128 99 70
3.906248092651367 2.9296860694885254 39.239999771118164 146 94 74
3.906248092651367 3.906248092651367 3.2699999809265137 91 128 45
3.906248092651367 3.906248092651367 6.539999961853027 157 93 34
3.906248092651367 3.906248092651367 9.809999942779541 194 92 55
3.906248092651367 3.906248092651367 13.079999923706055 181 95 77
3.906248092651367 3.906248092651367 16.34999990463257 158 100 94
3.906248092651367 3.906248092651367 19.619999885559082 155 106 65
3.906248092651367 3.906248092651367 22.889999866485596 143 104 57
3.906248092651367 3.906248092651367 26.15999984741211 97 99 96
3.906248092651367 3.906248092651367 29.429999828338623 97 96 92
3.906248092651367 3.906248092651367 32.69999980926514 88 100 67
3.906248092651367 3.906248092651367 35.96999979019165 106 83 73
3.906248092651367 3.906248092651367 39.239999771118164 132 76 75
3.906248092651367 4.882810115814209 3.2699999809265137 114 94 32
3.906248092651367 4.882810115814209 6.539999961853027 166 68 40
3.906248092651367 4.882810115814209 9.809999942779541 206 79 81
3.906248092651367 4.882810115814209 13.079999923706055 179 84 103
3.906248092651367 4.882810115814209 16.34999990463257 143 73 74
3.906248092651367 4.882810115814209 19.619999885559082 148 87 97
3.906248092651367 4.882810115814209 22.889999866485596 129 78 82
3.906248092651367 4.882810115814209 26.15999984741211 88 107 98
3.906248092651367 4.882810115814209 29.429999828338623 101 111 91
3.906248092651367 4.882810115814209 32.69999980926514 94 106 71
3.906248092651367 4.882810115814209 35.96999979019165 105 82 62
3.906248092651367 4.882810115814209 39.239999771118164 127 68 56
3.906248092651367 5.859372138977051 3.2699999809265137 117 67 38
3.906248092651367 5.859372138977051 6.539999961853027 160 50 58
3.906248092651367 5.859372138977051 9.809999942779541 194 58 102
3.906248092651367 5.859372138977051 13.079999923706055 168 78 97
3.906248092651367 5.859372138977051 16.34999990463257 128 50 66
3.906248092651367 5.859372138977051 19.619999885559082 120 68 110
3.906248092651367 5.859372138977051 22.889999866485596 108 50 101
3.906248092651367 5.859372138977051 26.15999984741211 88 96 94
3.906248092651367 5.859372138977051 29.429999828338623 96 87 88
3.906248092651367 5.859372138977051 32.69999980926514 90 80 81
3.906248092651367 5.859372138977051 35.96999979019165 94 71 69
3.906248092651367 5.859372138977051 39.239999771118164 115 64 53
3.906248092651367 6.835934162139893 3.2699999809265137 106 54 50
3.906248092651367 6.835934162139893 6.539999961853027 149 34 60
3.906248092651367 6.835934162139893 9.809999942779541 178 53 101
3.906248092651367 6.835934162139893 13.079999923706055 153 68 81
3.906248092651367 6.835934162139893 16.34999990463257 113 37 88
3.906248092651367 6.835934162139893 19.619999885559082 107 62 86
3.906248092651367 6.835934162139893 22.889999866485596 82 46 112
3.906248092651367 6.835934162139893 26.15999984741211 79 85 105
3.906248092651367 6.835934162139893 29.429999828338623 88 77 88
3.906248092651367 6.835934162139893 32.69999980926514 82 63 88
3.906248092651367 6.835934162139893 35.96999979019165 84 65 82
3.906248092651367 7.812496185302734 3.2699999809265137 61 63 80
3.906248092651367 7.812496185302734 6.539999961853027 127 23 69
3.906248092651367 7.812496185302734 9.809999942779541 156 37 96
3.906248092651367 7.812496185302734 13.079999923706055 137 51 91
3.906248092651367 7.812496185302734 16.34999990463257 98 62 93
3.906248092651367 7.812496185302734 19.619999885559082 91 49 90
3.906248092651367 7.812496185302734 22.889999866485596 72 56 99
3.906248092651367 7.812496185302734 26.15999984741211 69 85 118
3.906248092651367 8.789058208465576 6.539999961853027 91 42 93
3.906248092651367 8.789058208465576 9.809999942779541 115 39 108
3.906248092651367 8.789058208465576 13.079999923706055 100 47 117
3.906248092651367 8.789058208465576 16.34999990463257 88 81 108
3.906248092651367 8.789058208465576 22.889999866485596 52 73 103
4.882810115814209 0.9765620231628418 6.539999961853027 56 117 99
4.882810115814209 0.9765620231628418 9.809999942779541 78 152 75
4.882810115814209 0.9765620231628418 13.079999923706055 88 143 76
4.882810115814209 0.9765620231628418 16.34999990463257 130 159 60
4.882810115814209 0.9765620231628418 19.619999885559082 145 154 62
4.882810115814209 0.9765620231628418 22.889999866485596 148 142 54
4.882810115814209 0.9765620231628418 26.15999984741211 169 146 59
4.882810115814209 0.9765620231628418 29.429999828338623 156 138 82
4.882810115814209 0.9765620231628418 32.69999980926514 136 121 77
4.882810115814209 0.9765620231628418 35.96999979019165 149 155 55
4.882810115814209 1.9531240463256836 3.2699999809265137 57 112 80
4.882810115814209 1.9531240463256836 6.539999961853027 119 142 36
4.882810115814209 1.9531240463256836 9.809999942779541 166 149 36
4.882810115814209 1.9531240463256836 13.079999923706055 136 136 46
4.882810115814209 1.9531240463256836 16.34999990463257 146 126 84
4.882810115814209 1.9531240463256836 19.619999885559082 163 143 66
4.882810115814209 1.9531240463256836 22.889999866485596 162 120 61
4.882810115814209 1.9531240463256836 26.15999984741211 151 88 79
4.882810115814209 1.9531240463256836 29.429999828338623 145 108 85
4.882810115814209 1.9531240463256836 32.69999980926514 127 97 72
4.882810115814209 1.9531240463256836 35.96999979019165 152 118 65
4.882810115814209 1.9531240463256836 39.239999771118164 164 151 73
4.882810115814209 2.9296860694885254 3.2699999809265137 109 119 27
4.882810115814209 2.9296860694885254 6.539999961853027 173 122 34
4.882810115814209 2.9296860694885254 9.809999942779541 196 107 60
4.882810115814209 2.9296860694885254 13.079999923706055 175 126 70
4.882810115814209 2.9296860694885254 16.34999990463257 147 127 99
4.882810115814209 2.9296860694885254 19.619999885559082 159 131 90
4.882810115814209 2.9296860694885254 22.889999866485596 167 118 70
4.882810115814209 2.9296860694885254 26.15999984741211 120 90 70
4.882810115814209 2.9296860694885254 29.429999828338623 123 97 87
4.882810115814209 2.9296860694885254 32.69999980926514 108 104 66
4.882810115814209 2.9296860694885254 35.96999979019165 134 107 79
4.882810115814209 2.9296860694885254 39.239999771118164 158 116 89
4.882810115814209 3.906248092651367 3.2699999809265137 151 97 34
4.882810115814209 3.906248092651367 6.539999961853027 194 96 50
4.882810115814209 3.906248092651367 9.809999942779541 209 93 79
4.882810115814209 3.906248092651367 13.079999923706055 188 100 90
4.882810115814209 3.906248092651367 16.34999990463257 161 130 85
4.882810115814209 3.906248092651367 19.619999885559082 156 129 84
4.882810115814209 3.906248092651367 22.889999866485596 150 110 100
4.882810115814209 3.906248092651367 26.15999984741211 107 91 68
4.882810115814209 3.906248092651367 29.429999828338623 95 89 94
4.882810115814209 3.906248092651367 32.69999980926514 95 95 67
4.882810115814209 3.906248092651367 35.96999979019165 121 89 72
4.882810115814209 3.906248092651367 39.239999771118164 150 102 81
4.882810115814209 4.882810115814209 3.2699999809265137 159 72 43
4.882810115814209 4.882810115814209 6.539999961853027 196 72 70
4.882810115814209 4.882810115814209 9.809999942779541 212 71 94
4.882810115814209 4.882810115814209 13.079999923706055 176 78 102
4.882810115814209 4.882810115814209 16.34999990463257 166 102 80
4.882810115814209 4.882810115814209 19.619999885559082 130 92 96
4.882810115814209 4.882810115814209 22.889999866485596 124 101 138
4.882810115814209 4.882810115814209 26.15999984741211 101 95 74
4.882810115814209 4.882810115814209 29.429999828338623 97 115 98
4.882810115814209 4.882810115814209 32.69999980926514 93 98 78
4.882810115814209 4.882810115814209 35.96999979019165 118 93 57
4.882810115814209 4.882810115814209 39.239999771118164 156 89 57
4.882810115814209 5.859372138977051 3.2699999809265137 158 54 49
4.882810115814209 5.859372138977051 6.539999961853027 178 50 83
4.882810115814209 5.859372138977051 9.809999942779541 188 58 112
4.882810115814209 5.859372138977051 13.079999923706055 162 86 101
4.882810115814209 5.859372138977051 16.34999990463257 153 64 94
4.882810115814209 5.859372138977051 19.619999885559082 104 81 100
4.882810115814209 5.859372138977051 22.889999866485596 110 86 136
4.882810115814209 5.859372138977051 26.15999984741211 96 88 88
4.882810115814209 5.859372138977051 29.429999828338623 102 107 101
4.882810115814209 5.859372138977051 32.69999980926514 96 86 87
4.882810115814209 5.859372138977051 35.96999979019165 111 82 74
4.882810115814209 5.859372138977051 39.239999771118164 147 62 73
4.882810115814209 6.835934162139893 3.2699999809265137 153 48 46
4.882810115814209 6.835934162139893 6.539999961853027 173 52 71
4.882810115814209 6.835934162139893 9.809999942779541 178 71 99
4.882810115814209 6.835934162139893 13.079999923706055 157 75 100
4.882810115814209 6.835934162139893 16.34999990463257 126 28 119
4.882810115814209 6.835934162139893 19.619999885559082 121 66 106
4.882810115814209 6.835934162139893 22.889999866485596 95 55 126
4.882810115814209 6.835934162139893 26.15999984741211 88 82 97
4.882810115814209 6.835934162139893 29.429999828338623 97 84 107
4.882810115814209 6.835934162139893 32.69999980926514 96 70 95
4.882810115814209 6.835934162139893 35.96999979019165 109 61 98
4.882810115814209 6.835934162139893 39.239999771118164 135 54 96
4.882810115814209 7.812496185302734 3.2699999809265137 136 43 59
4.882810115814209 7.812496185302734 6.539999961853027 163 32 76
4.882810115814209 7.812496185302734 9.809999942779541 177 60 92
4.882810115814209 7.812496185302734 13.079999923706055 145 60 100
4.882810115814209 7.812496185302734 16.34999990463257 106 52 102
4.882810115814209 7.812496185302734 19.619999885559082 118 41 111
4.882810115814209 7.812496185302734 22.889999866485596 92 50 92
4.882810115814209 7.812496185302734 26.15999984741211 77 66 96
4.882810115814209 7.812496185302734 29.429999828338623 82 70 107
4.882810115814209 7.812496185302734 32.69999980926514 74 46 116
4.882810115814209 7.812496185302734 35.96999979019165 77 53 120
4.882810115814209 8.789058208465576 6.539999961853027 120 15 89
4.882810115814209 8.789058208465576 9.809999942779541 148 24 98
4.882810115814209 8.789058208465576 13.079999923706055 117 38 103
4.882810115814209 8.789058208465576 16.34999990463257 99 63 97
4.882810115814209 8.789058208465576 19.619999885559082 89 55 93
4.882810115814209 8.789058208465576 22.889999866485596 76 53 91
4.882810115814209 8.789058208465576 26.15999984741211 69 89 113
5.859372138977051 0.9765620231628418 6.539999961853027 89 154 84
5.859372138977051 0.9765620231628418 9.809999942779541 133 172 48
5.859372138977051 0.9765620231628418 13.079999923706055 138 158 57
5.859372138977051 0.9765620231628418 16.34999990463257 157 155 52
5.859372138977051 0.9765620231628418 19.619999885559082 163 149 59
5.859372138977051 0.9765620231628418 22.889999866485596 169 153 64
5.859372138977051 0.9765620231628418 26.15999984741211 177 161 83
5.859372138977051 0.9765620231628418 29.429999828338623 158 143 94
5.859372138977051 0.9765620231628418 32.69999980926514 131 115 69
5.859372138977051 0.9765620231628418 35.96999979019165 161 151 57
5.859372138977051 1.9531240463256836 3.2699999809265137 97 146 62
5.859372138977051 1.9531240463256836 6.539999961853027 174 159 32
5.859372138977051 1.9531240463256836 9.809999942779541 204 135 45
5.859372138977051 1.9531240463256836 13.079999923706055 179 109 45
5.859372138977051 1.9531240463256836 16.34999990463257 152 95 84
5.859372138977051 1.9531240463256836 19.619999885559082 160 133 104
5.859372138977051 1.9531240463256836 22.889999866485596 178 129 60
5.859372138977051 1.9531240463256836 26.15999984741211 155 92 89
5.859372138977051 1.9531240463256836 29.429999828338623 139 109 94
5.859372138977051 1.9531240463256836 32.69999980926514 125 93 68
5.859372138977051 1.9531240463256836 35.96999979019165 155 107 73
5.859372138977051 1.9531240463256836 39.239999771118164 150 140 90
5.859372138977051 2.9296860694885254 3.2699999809265137 175 136 32
5.859372138977051 2.9296860694885254 6.539999961853027 205 109 45
5.859372138977051 2.9296860694885254 9.809999942779541 213 99 70
5.859372138977051 2.9296860694885254 13.079999923706055 187 101 76
5.859372138977051 2.9296860694885254 16.34999990463257 131 106 78
5.859372138977051 2.9296860694885254 19.619999885559082 139 136 107
5.859372138977051 2.9296860694885254 22.889999866485596 171 118 74
5.859372138977051 2.9296860694885254 26.15999984741211 133 95 63
5.859372138977051 2.9296860694885254 29.429999828338623 115 102 84
5.859372138977051 2.9296860694885254 32.69999980926514 109 97 62
5.859372138977051 2.9296860694885254 35.96999979019165 125 93 84
5.859372138977051 2.9296860694885254 39.239999771118164 152 116 79
5.859372138977051 3.906248092651367 3.2699999809265137 199 81 57
5.859372138977051 3.906248092651367 6.539999961853027 208 90 68
5.859372138977051 3.906248092651367 9.809999942779541 217 94 87
5.859372138977051 3.906248092651367 13.079999923706055 191 102 93
5.859372138977051 3.906248092651367 16.34999990463257 143 118 70
5.859372138977051 3.906248092651367 19.619999885559082 135 138 90
5.859372138977051 3.906248092651367 22.889999866485596 125 97 86
5.859372138977051 3.906248092651367 26.15999984741211 118 87 71
5.859372138977051 3.906248092651367 29.429999828338623 94 81 85
5.859372138977051 3.906248092651367 32.69999980926514 100 94 65
5.859372138977051 3.906248092651367 35.96999979019165 110 76 60
5.859372138977051 4.882810115814209 3.2699999809265137 202 57 75
5.859372138977051 4.882810115814209 6.539999961853027 200 72 92
5.859372138977051 4.882810115814209 9.809999942779541 211 72 110
5.859372138977051 4.882810115814209 13.079999923706055 178 80 105
5.859372138977051 4.882810115814209 16.34999990463257 168 116 78
5.859372138977051 4.882810115814209 19.619999885559082 128 106 101
5.859372138977051 4.882810115814209 22.889999866485596 95 88 94
5.859372138977051 4.882810115814209 26.15999984741211 94 68 92
5.859372138977051 4.882810115814209 29.429999828338623 90 100 85
5.859372138977051 4.882810115814209 32.69999980926514 89 94 77
5.859372138977051 4.882810115814209 35.96999979019165 117 83 55
5.859372138977051 4.882810115814209 39.239999771118164 167 94 78
5.859372138977051 5.859372138977051 3.2699999809265137 200 46 75
5.859372138977051 5.859372138977051 6.539999961853027 182 56 94
5.859372138977051 5.859372138977051 9.809999942779541 188 59 112
5.859372138977051 5.859372138977051 13.079999923706055 168 78 105
5.859372138977051 5.859372138977051 16.34999990463257 163 78 100
5.859372138977051 5.859372138977051 19.619999885559082 111 74 99
5.859372138977051 5.859372138977051 22.889999866485596 83 83 92
5.859372138977051 5.859372138977051 26.15999984741211 91 84 92
5.859372138977051 5.859372138977051 29.429999828338623 92 100 100
5.859372138977051 5.859372138977051 32.69999980926514 93 88 94
5.859372138977051 5.859372138977051 35.96999979019165 124 64 55
5.859372138977051 5.859372138977051 39.239999771118164 166 59 95
5.859372138977051 6.835934162139893 3.2699999809265137 191 46 72
5.859372138977051 6.835934162139893 6.539999961853027 179 59 75
5.859372138977051 6.835934162139893 9.809999942779541 177 63 91
5.859372138977051 6.835934162139893 13.079999923706055 154 62 97
5.859372138977051 6.835934162139893 16.34999990463257 142 36 104
5.859372138977051 6.835934162139893 19.619999885559082 120 55 117
5.859372138977051 6.835934162139893 22.889999866485596 96 71 94
5.859372138977051 6.835934162139893 26.15999984741211 98 84 81
5.859372138977051 6.835934162139893 29.429999828338623 86 95 107
5.859372138977051 6.835934162139893 32.69999980926514 94 74 105
5.859372138977051 6.835934162139893 35.96999979019165 118 53 90
5.859372138977051 6.835934162139893 39.239999771118164 141 55 110
5.859372138977051 7.812496185302734 3.2699999809265137 178 36 74
5.859372138977051 7.812496185302734 6.539999961853027 178 42 85
5.859372138977051 7.812496185302734 9.809999942779541 183 72 86
5.859372138977051 7.812496185302734 13.079999923706055 149 66 86
5.859372138977051 7.812496185302734 16.34999990463257 117 46 80
5.859372138977051 7.812496185302734 19.619999885559082 119 45 129
5.859372138977051 7.812496185302734 22.889999866485596 109 54 104
5.859372138977051 7.812496185302734 26.15999984741211 83 55 98
5.859372138977051 7.812496185302734 29.429999828338623 83 74 106
5.859372138977051 7.812496185302734 32.69999980926514 75 44 117
5.859372138977051 7.812496185302734 35.96999979019165 93 36 133
5.859372138977051 8.789058208465576 6.539999961853027 150 13 94
5.859372138977051 8.789058208465576 9.809999942779541 173 33 106
5.859372138977051 8.789058208465576 13.079999923706055 140 44 99
5.859372138977051 8.789058208465576 16.34999990463257 109 55 86
5.859372138977051 8.789058208465576 19.619999885559082 96 46 112
5.859372138977051 8.789058208465576 22.889999866485596 97 41 100
5.859372138977051 8.789058208465576 26.15999984741211 71 68 103
5.859372138977051 8.789058208465576 32.69999980926514 65 54 116
6.835934162139893 0.9765620231628418 6.539999961853027 126 183 64
6.835934162139893 0.9765620231628418 9.809999942779541 176 192 53
6.835934162139893 0.9765620231628418 13.079999923706055 179 175 51
6.835934162139893 0.9765620231628418 16.34999990463257 173 163 65
6.835934162139893 0.9765620231628418 19.619999885559082 173 143 87
6.835934162139893 0.9765620231628418 22.889999866485596 176 162 91
6.835934162139893 0.9765620231628418 26.15999984741211 172 176 103
6.835934162139893 0.9765620231628418 29.429999828338623 156 151 102
6.835934162139893 0.9765620231628418 32.69999980926514 146 127 83
6.835934162139893 0.9765620231628418 35.96999979019165 168 157 68
6.835934162139893 1.9531240463256836 3.2699999809265137 143 189 50
6.835934162139893 1.9531240463256836 6.539999961853027 203 166 40
6.835934162139893 1.9531240463256836 9.809999942779541 223 125 60
6.835934162139893 1.9531240463256836 13.079999923706055 200 101 64
6.835934162139893 1.9531240463256836 16.34999990463257 149 95 96
6.835934162139893 1.9531240463256836 19.619999885559082 132 127 96
6.835934162139893 1.9531240463256836 22.889999866485596 173 136 76
6.835934162139893 1.9531240463256836 26.15999984741211 166 125 88
6.835934162139893 1.9531240463256836 29.429999828338623 137 109 98
6.835934162139893 1.9531240463256836 32.69999980926514 134 85 83
6.835934162139893 1.9531240463256836 35.96999979019165 153 105 85
6.835934162139893 1.9531240463256836 39.239999771118164 153 124 98
6.835934162139893 2.9296860694885254 3.2699999809265137 211 139 52
6.835934162139893 2.9296860694885254 6.539999961853027 223 109 70
6.835934162139893 2.9296860694885254 9.809999942779541 224 93 82
6.835934162139893 2.9296860694885254 13.079999923706055 198 86 79
6.835934162139893 2.9296860694885254 16.34999990463257 144 109 75
6.835934162139893 2.9296860694885254 19.619999885559082 136 144 74
6.835934162139893 2.9296860694885254 22.889999866485596 185 120 69
6.835934162139893 2.9296860694885254 26.15999984741211 172 103 66
6.835934162139893 2.9296860694885254 29.429999828338623 117 107 91
6.835934162139893 2.9296860694885254 32.69999980926514 104 91 73
6.835934162139893 2.9296860694885254 35.96999979019165 138 106 78
6.835934162139893 3.906248092651367 3.2699999809265137 224 83 94
6.835934162139893 3.906248092651367 6.539999961853027 217 86 82
6.835934162139893 3.906248092651367 9.809999942779541 221 83 99
6.835934162139893 3.906248092651367 13.079999923706055 191 96 90
6.835934162139893 3.906248092651367 16.34999990463257 161 105 75
6.835934162139893 3.906248092651367 19.619999885559082 148 120 81
6.835934162139893 3.906248092651367 22.889999866485596 161 86 77
6.835934162139893 3.906248092651367 26.15999984741211 151 66 75
6.835934162139893 3.906248092651367 29.429999828338623 105 92 92
6.835934162139893 3.906248092651367 32.69999980926514 98 100 77
6.835934162139893 4.882810115814209 3.2699999809265137 212 58 110
6.835934162139893 4.882810115814209 6.539999961853027 203 68 99
6.835934162139893 4.882810115814209 9.809999942779541 212 72 116
6.835934162139893 4.882810115814209 13.079999923706055 185 79 102
6.835934162139893 4.882810115814209 16.34999990463257 167 106 90
6.835934162139893 4.882810115814209 19.619999885559082 138 116 114
6.835934162139893 4.882810115814209 22.889999866485596 131 82 83
6.835934162139893 4.882810115814209 26.15999984741211 108 47 96
6.835934162139893 4.882810115814209 29.429999828338623 92 98 84
6.835934162139893 4.882810115814209 32.69999980926514 92 86 81
6.835934162139893 4.882810115814209 35.96999979019165 131 84 71
6.835934162139893 5.859372138977051 3.2699999809265137 210 61 105
6.835934162139893 5.859372138977051 6.539999961853027 190 60 100
6.835934162139893 5.859372138977051 9.809999942779541 194 65 109
6.835934162139893 5.859372138977051 13.079999923706055 169 68 104
6.835934162139893 5.859372138977051 16.34999990463257 167 82 104
6.835934162139893 5.859372138977051 19.619999885559082 128 93 137
6.835934162139893 5.859372138977051 22.889999866485596 105 65 92
6.835934162139893 5.859372138977051 26.15999984741211 87 74 70
6.835934162139893 5.859372138977051 29.429999828338623 86 87 77
6.835934162139893 5.859372138977051 32.69999980926514 80 77 90
6.835934162139893 5.859372138977051 35.96999979019165 155 67 65
6.835934162139893 5.859372138977051 39.239999771118164 188 76 111
6.835934162139893 6.835934162139893 3.2699999809265137 204 53 100
6.835934162139893 6.835934162139893 6.539999961853027 185 62 85
6.835934162139893 6.835934162139893 9.809999942779541 187 59 94
6.835934162139893 6.835934162139893 13.079999923706055 166 61 91
6.835934162139893 6.835934162139893 16.34999990463257 161 52 87
6.835934162139893 6.835934162139893 19.619999885559082 127 62 118
6.835934162139893 6.835934162139893 22.889999866485596 108 58 84
6.835934162139893 6.835934162139893 26.15999984741211 102 82 67
6.835934162139893 6.835934162139893 29.429999828338623 83 91 76
6.835934162139893 6.835934162139893 32.69999980926514 89 68 88
6.835934162139893 6.835934162139893 35.96999979019165 147 40 101
6.835934162139893 6.835934162139893 39.239999771118164 166 48 114
6.835934162139893 7.812496185302734 3.2699999809265137 198 49 108
6.835934162139893 7.812496185302734 6.539999961853027 194 55 88
6.835934162139893 7.812496185302734 9.809999942779541 191 71 92
6.835934162139893 7.812496185302734 13.079999923706055 161 57 83
6.835934162139893 7.812496185302734 16.34999990463257 148 46 60
6.835934162139893 7.812496185302734 19.619999885559082 126 52 118
6.835934162139893 7.812496185302734 22.889999866485596 126 53 106
6.835934162139893 7.812496185302734 26.15999984741211 95 44 102
6.835934162139893 7.812496185302734 29.429999828338623 90 69 98
6.835934162139893 7.812496185302734 32.69999980926514 83 46 95
6.835934162139893 7.812496185302734 35.96999979019165 104 22 133
6.835934162139893 7.812496185302734 39.239999771118164 122 37 144
6.835934162139893 8.789058208465576 6.539999961853027 175 22 106
6.835934162139893 8.789058208465576 9.809999942779541 190 40 111
6.835934162139893 8.789058208465576 13.079999923706055 157 40 103
6.835934162139893 8.789058208465576 16.34999990463257 133 35 83
6.835934162139893 8.789058208465576 19.619999885559082 103 36 110
6.835934162139893 8.789058208465576 22.889999866485596 109 33 120
6.835934162139893 8.789058208465576 26.15999984741211 73 49 108
6.835934162139893 8.789058208465576 29.429999828338623 67 49 114
6.835934162139893 8.789058208465576 32.69999980926514 71 35 119
6.835934162139893 8.789058208465576 35.96999979019165 65 60 139
7.812496185302734 0.9765620231628418 6.539999961853027 162 205 55
7.812496185302734 0.9765620231628418 9.809999942779541 205 193 59
7.812496185302734 0.9765620231628418 13.079999923706055 210 178 59
7.812496185302734 0.9765620231628418 16.34999990463257 162 177 92
7.812496185302734 0.9765620231628418 19.619999885559082 159 160 98
7.812496185302734 0.9765620231628418 22.889999866485596 156 197 124
7.812496185302734 0.9765620231628418 32.69999980926514 132 141 123
7.812496185302734 1.9531240463256836 3.2699999809265137 178 198 49
7.812496185302734 1.9531240463256836 6.539999961853027 222 159 54
7.812496185302734 1.9531240463256836 9.809999942779541 234 124 77
7.812496185302734 1.9531240463256836 13.079999923706055 226 105 77
7.812496185302734 1.9531240463256836 16.34999990463257 152 114 108
7.812496185302734 1.9531240463256836 19.619999885559082 142 129 91
7.812496185302734 1.9531240463256836 22.889999866485596 184 167 87
7.812496185302734 1.9531240463256836 26.15999984741211 170 169 91
7.812496185302734 1.9531240463256836 29.429999828338623 115 130 98
7.812496185302734 1.9531240463256836 32.69999980926514 121 110 101
7.812496185302734 1.9531240463256836 35.96999979019165 139 136 110
7.812496185302734 2.9296860694885254 3.2699999809265137 230 142 71
7.812496185302734 2.9296860694885254 6.539999961853027 234 114 86
7.812496185302734 2.9296860694885254 9.809999942779541 236 98 99
7.812496185302734 2.9296860694885254 13.079999923706055 217 89 90
7.812496185302734 2.9296860694885254 16.34999990463257 157 113 91
7.812496185302734 2.9296860694885254 19.619999885559082 163 146 78
7.812496185302734 2.9296860694885254 22.889999866485596 201 123 84
7.812496185302734 2.9296860694885254 26.15999984741211 182 130 88
7.812496185302734 2.9296860694885254 29.429999828338623 100 121 98
7.812496185302734 2.9296860694885254 32.69999980926514 106 96 75
7.812496185302734 3.906248092651367 3.2699999809265137 230 89 108
7.812496185302734 3.906248092651367 6.539999961853027 227 94 97
7.812496185302734 3.906248092651367 9.809999942779541 229 79 108
7.812496185302734 3.906248092651367 13.079999923706055 205 79 94
7.812496185302734 3.906248092651367 16.34999990463257 165 107 90
7.812496185302734 3.906248092651367 19.619999885559082 160 117 98
7.812496185302734 3.906248092651367 22.889999866485596 176 83 103
7.812496185302734 3.906248092651367 26.15999984741211 165 94 120
7.812496185302734 3.906248092651367 29.429999828338623 92 120 101
7.812496185302734 4.882810115814209 3.2699999809265137 213 69 115
7.812496185302734 4.882810115814209 6.539999961853027 208 70 111
7.812496185302734 4.882810115814209 9.809999942779541 216 68 115
7.812496185302734 4.882810115814209 13.079999923706055 190 76 105
7.812496185302734 4.882810115814209 16.34999990463257 162 100 110
7.812496185302734 4.882810115814209 19.619999885559082 138 95 112
7.812496185302734 4.882810115814209 22.889999866485596 146 82 113
7.812496185302734 4.882810115814209 26.15999984741211 114 54 131
7.812496185302734 4.882810115814209 29.429999828338623 82 112 92
7.812496185302734 4.882810115814209 32.69999980926514 88 77 72
7.812496185302734 5.859372138977051 3.2699999809265137 212 82 105
7.812496185302734 5.859372138977051 6.539999961853027 192 66 110
7.812496185302734 5.859372138977051 9.809999942779541 201 71 105
7.812496185302734 5.859372138977051 13.079999923706055 177 70 102
7.812496185302734 5.859372138977051 16.34999990463257 157 95 113
7.812496185302734 5.859372138977051 19.619999885559082 137 97 118
7.812496185302734 5.859372138977051 22.889999866485596 118 58 130
7.812496185302734 5.859372138977051 26.15999984741211 83 73 106
7.812496185302734 5.859372138977051 29.429999828338623 94 93 71
7.812496185302734 5.859372138977051 32.69999980926514 85 58 69
7.812496185302734 5.859372138977051 35.96999979019165 152 87 120
7.812496185302734 6.835934162139893 3.2699999809265137 216 71 107
7.812496185302734 6.835934162139893 6.539999961853027 192 75 102
7.812496185302734 6.835934162139893 9.809999942779541 200 68 106
7.812496185302734 6.835934162139893 13.079999923706055 176 72 104
7.812496185302734 6.835934162139893 16.34999990463257 169 86 95
7.812496185302734 6.835934162139893 19.619999885559082 139 81 130
7.812496185302734 6.835934162139893 22.889999866485596 121 61 99
7.812496185302734 6.835934162139893 26.15999984741211 103 76 81
7.812496185302734 6.835934162139893 29.429999828338623 93 77 74
7.812496185302734 6.835934162139893 32.69999980926514 101 55 80
7.812496185302734 6.835934162139893 35.96999979019165 162 57 125
7.812496185302734 6.835934162139893 39.239999771118164 154 63 148
7.812496185302734 7.812496185302734 3.2699999809265137 209 52 121
7.812496185302734 7.812496185302734 6.539999961853027 203 66 100
7.812496185302734 7.812496185302734 9.809999942779541 203 72 102
7.812496185302734 7.812496185302734 13.079999923706055 182 67 90
7.812496185302734 7.812496185302734 16.34999990463257 170 58 82
7.812496185302734 7.812496185302734 19.619999885559082 129 55 121
7.812496185302734 7.812496185302734 22.889999866485596 128 50 108
7.812496185302734 7.812496185302734 26.15999984741211 108 41 97
7.812496185302734 7.812496185302734 29.429999828338623 99 61 86
7.812496185302734 7.812496185302734 32.69999980926514 100 41 87
7.812496185302734 7.812496185302734 35.96999979019165 116 15 140
7.812496185302734 7.812496185302734 39.239999771118164 116 41 161
7.812496185302734 8.789058208465576 6.539999961853027 185 29 124
7.812496185302734 8.789058208465576 9.809999942779541 199 40 121
7.812496185302734 8.789058208465576 13.079999923706055 180 37 107
7.812496185302734 8.789058208465576 16.34999990463257 161 28 108
7.812496185302734 8.789058208465576 19.619999885559082 112 32 116
7.812496185302734 8.789058208465576 22.889999866485596 112 32 125
7.812496185302734 8.789058208465576 26.15999984741211 77 41 116
7.812496185302734 8.789058208465576 29.429999828338623 82 48 105
7.812496185302734 8.789058208465576 32.69999980926514 80 25 120
7.812496185302734 8.789058208465576 35.96999979019165 67 55 137
8.789058208465576 0.9765620231628418 6.539999961853027 183 220 60
8.789058208465576 0.9765620231628418 9.809999942779541 219 192 66
8.789058208465576 0.9765620231628418 13.079999923706055 226 181 73
8.789058208465576 0.9765620231628418 16.34999990463257 164 172 111
8.789058208465576 0.9765620231628418 19.619999885559082 149 160 110
8.789058208465576 1.9531240463256836 3.2699999809265137 189 205 59
8.789058208465576 1.9531240463256836 6.539999961853027 235 163 85
8.789058208465576 1.9531240463256836 9.809999942779541 249 127 100
8.789058208465576 1.9531240463256836 13.079999923706055 244 114 98
8.789058208465576 1.9531240463256836 16.34999990463257 162 125 126
8.789058208465576 1.9531240463256836 19.619999885559082 128 139 113
8.789058208465576 1.9531240463256836 22.889999866485596 171 204 115
8.789058208465576 1.9531240463256836 32.69999980926514 113 121 75
8.789058208465576 2.9296860694885254 3.2699999809265137 232 157 89
8.789058208465576 2.9296860694885254 6.539999961853027 242 121 106
8.789058208465576 2.9296860694885254 9.809999942779541 248 103 110
8.789058208465576 2.9296860694885254 13.079999923706055 231 90 101
8.789058208465576 2.9296860694885254 16.34999990463257 176 121 110
8.789058208465576 2.9296860694885254 19.619999885559082 167 165 104
8.789058208465576 2.9296860694885254 22.889999866485596 215 163 134
8.789058208465576 2.9296860694885254 26.15999984741211 181 150 120
8.789058208465576 3.906248092651367 3.2699999809265137 229 103 113
8.789058208465576 3.906248092651367 6.539999961853027 236 102 108
8.789058208465576 3.906248092651367 9.809999942779541 242 81 116
8.789058208465576 3.906248092651367 13.079999923706055 222 78 109
8.789058208465576 3.906248092651367 16.34999990463257 187 106 107
8.789058208465576 3.906248092651367 19.619999885559082 173 130 124
8.789058208465576 3.906248092651367 22.889999866485596 205 104 139
8.789058208465576 3.906248092651367 26.15999984741211 166 108 153
8.789058208465576 4.882810115814209 3.2699999809265137 211 80 127
8.789058208465576 4.882810115814209 6.539999961853027 222 84 115
8.789058208465576 4.882810115814209 9.809999942779541 226 75 113
8.789058208465576 4.882810115814209 13.079999923706055 214 72 108
8.789058208465576 4.882810115814209 16.34999990463257 169 78 119
8.789058208465576 4.882810115814209 19.619999885559082 158 111 143
8.789058208465576 4.882810115814209 22.889999866485596 162 76 144
8.789058208465576 4.882810115814209 26.15999984741211 119 67 143
8.789058208465576 4.882810115814209 29.429999828338623 80 94 89
8.789058208465576 5.859372138977051 3.2699999809265137 214 93 116
8.789058208465576 5.859372138977051 6.539999961853027 211 70 110
8.789058208465576 5.859372138977051 9.809999942779541 218 71 105
8.789058208465576 5.859372138977051 13.079999923706055 200 64 110
8.789058208465576 5.859372138977051 16.34999990463257 157 89 111
8.789058208465576 5.859372138977051 19.619999885559082 146 102 132
8.789058208465576 5.859372138977051 22.889999866485596 136 78 148
8.789058208465576 5.859372138977051 26.15999984741211 86 69 137
8.789058208465576 5.859372138977051 29.429999828338623 83 84 96
8.789058208465576 5.859372138977051 32.69999980926514 95 57 86
8.789058208465576 5.859372138977051 35.96999979019165 126 89 131
8.789058208465576 6.835934162139893 3.2699999809265137 225 80 124
8.789058208465576 6.835934162139893 6.539999961853027 203 68 105
8.789058208465576 6.835934162139893 9.809999942779541 210 65 110
8.789058208465576 6.835934162139893 13.079999923706055 191 69 103
8.789058208465576 6.835934162139893 16.34999990463257 178 100 93
8.789058208465576 6.835934162139893 19.619999885559082 137 92 122
8.789058208465576 6.835934162139893 22.889999866485596 123 79 123
8.789058208465576 6.835934162139893 26.15999984741211 95 69 121
8.789058208465576 6.835934162139893 29.429999828338623 90 84 78
8.789058208465576 6.835934162139893 32.69999980926514 119 54 81
8.789058208465576 6.835934162139893 35.96999979019165 154 94 138
8.789058208465576 7.812496185302734 3.2699999809265137 211 48 144
8.789058208465576 7.812496185302734 6.539999961853027 210 64 110
8.789058208465576 7.812496185302734 9.809999942779541 214 64 109
8.789058208465576 7.812496185302734 13.079999923706055 203 72 102
8.789058208465576 7.812496185302734 16.34999990463257 194 73 92
8.789058208465576 7.812496185302734 19.619999885559082 134 59 119
8.789058208465576 7.812496185302734 22.889999866485596 124 38 130
8.789058208465576 7.812496185302734 26.15999984741211 106 48 114
8.789058208465576 7.812496185302734 29.429999828338623 100 59 105
8.789058208465576 7.812496185302734 32.69999980926514 111 40 112
8.789058208465576 7.812496185302734 35.96999979019165 122 29 156
8.789058208465576 7.812496185302734 39.239999771118164 111 47 165
8.789058208465576 8.789058208465576 6.539999961853027 189 32 141
8.789058208465576 8.789058208465576 9.809999942779541 203 36 136
8.789058208465576 8.789058208465576 13.079999923706055 197 41 122
8.789058208465576 8.789058208465576 16.34999990463257 187 33 118
8.789058208465576 8.789058208465576 19.619999885559082 123 36 124
8.789058208465576 8.789058208465576 22.889999866485596 113 21 132
8.789058208465576 8.789058208465576 26.15999984741211 83 33 123
8.789058208465576 8.789058208465576 29.429999828338623 89 55 129
8.789058208465576 8.789058208465576 32.69999980926514 84 28 145
8.789058208465576 8.789058208465576 35.96999979019165 70 45 155
9.765620231628418 0.9765620231628418 6.539999961853027 184 234 78
9.765620231628418 0.9765620231628418 9.809999942779541 221 205 86
9.765620231628418 0.9765620231628418 13.079999923706055 228 188 92
9.765620231628418 0.9765620231628418 16.34999990463257 161 180 105
9.765620231628418 1.9531240463256836 3.2699999809265137 180 216 76
9.765620231628418 1.9531240463256836 6.539999961853027 238 177 105
9.765620231628418 1.9531240463256836 9.809999942779541 255 140 117
9.765620231628418 1.9531240463256836 13.079999923706055 245 126 110
9.765620231628418 1.9531240463256836 16.34999990463257 165 139 104
9.765620231628418 1.9531240463256836 19.619999885559082 117 142 101
9.765620231628418 2.9296860694885254 3.2699999809265137 221 172 97
9.765620231628418 2.9296860694885254 6.539999961853027 245 131 123
9.765620231628418 2.9296860694885254 9.809999942779541 253 111 126
9.765620231628418 2.9296860694885254 13.079999923706055 240 101 114
9.765620231628418 2.9296860694885254 16.34999990463257 175 137 97
9.765620231628418 2.9296860694885254 19.619999885559082 146 174 102
9.765620231628418 2.9296860694885254 22.889999866485596 175 198 164
9.765620231628418 3.906248092651367 3.2699999809265137 227 111 116
9.765620231628418 3.906248092651367 6.539999961853027 239 110 123
9.765620231628418 3.906248092651367 9.809999942779541 248 91 130
9.765620231628418 3.906248092651367 13.079999923706055 233 84 128
9.765620231628418 3.906248092651367 16.34999990463257 192 106 113
9.765620231628418 3.906248092651367 19.619999885559082 158 144 147
9.765620231628418 3.906248092651367 22.889999866485596 195 162 188
9.765620231628418 3.906248092651367 26.15999984741211 142 150 188
9.765620231628418 4.882810115814209 3.2699999809265137 206 82 129
9.765620231628418 4.882810115814209 6.539999961853027 227 95 128
9.765620231628418 4.882810115814209 9.809999942779541 239 80 125
9.765620231628418 4.882810115814209 13.079999923706055 222 74 126
9.765620231628418 4.882810115814209 16.34999990463257 178 75 123
9.765620231628418 4.882810115814209 19.619999885559082 138 126 157
9.765620231628418 4.882810115814209 22.889999866485596 167 110 219
9.765620231628418 4.882810115814209 26.15999984741211 114 101 176
9.765620231628418 4.882810115814209 29.429999828338623 84 85 117
9.765620231628418 4.882810115814209 35.96999979019165 110 105 140
9.765620231628418 5.859372138977051 3.2699999809265137 210 108 129
9.765620231628418 5.859372138977051 6.539999961853027 222 88 130
9.765620231628418 5.859372138977051 9.809999942779541 230 79 123
9.765620231628418 5.859372138977051 13.079999923706055 210 71 117
9.765620231628418 5.859372138977051 16.34999990463257 172 88 112
9.765620231628418 5.859372138977051 19.619999885559082 129 130 140
9.765620231628418 5.859372138977051 22.889999866485596 129 98 202
9.765620231628418 5.859372138977051 26.15999984741211 85 72 159
9.765620231628418 5.859372138977051 29.429999828338623 87 80 98
9.765620231628418 5.859372138977051 32.69999980926514 100 80 99
9.765620231628418 5.859372138977051 35.96999979019165 134 106 116
9.765620231628418 5.859372138977051 39.239999771118164 148 87 126
9.765620231628418 6.835934162139893 3.2699999809265137 223 90 152
9.765620231628418 6.835934162139893 6.539999961853027 217 72 123
9.765620231628418 6.835934162139893 9.809999942779541 221 63 125
9.765620231628418 6.835934162139893 13.079999923706055 207 71 114
9.765620231628418 6.835934162139893 16.34999990463257 192 98 100
9.765620231628418 6.835934162139893 19.619999885559082 137 110 132
9.765620231628418 6.835934162139893 22.889999866485596 120 105 157
9.765620231628418 6.835934162139893 26.15999984741211 73 76 145
9.765620231628418 6.835934162139893 29.429999828338623 102 83 74
9.765620231628418 6.835934162139893 32.69999980926514 131 72 97
9.765620231628418 6.835934162139893 35.96999979019165 149 86 121
9.765620231628418 6.835934162139893 39.239999771118164 152 53 149
9.765620231628418 7.812496185302734 3.2699999809265137 207 60 183
9.765620231628418 7.812496185302734 6.539999961853027 214 59 137
9.765620231628418 7.812496185302734 9.809999942779541 217 58 128
9.765620231628418 7.812496185302734 13.079999923706055 212 69 116
9.765620231628418 7.812496185302734 16.34999990463257 206 79 108
9.765620231628418 7.812496185302734 19.619999885559082 136 66 127
9.765620231628418 7.812496185302734 22.889999866485596 122 54 158
9.765620231628418 7.812496185302734 26.15999984741211 105 62 116
9.765620231628418 7.812496185302734 29.429999828338623 101 50 107
9.765620231628418 7.812496185302734 32.69999980926514 115 42 140
9.765620231628418 7.812496185302734 35.96999979019165 130 41 141
9.765620231628418 7.812496185302734 39.239999771118164 116 50 154
9.765620231628418 8.789058208465576 6.539999961853027 179 43 179
9.765620231628418 8.789058208465576 9.809999942779541 191 40 168
9.765620231628418 8.789058208465576 13.079999923706055 196 37 137
9.765620231628418 8.789058208465576 16.34999990463257 203 41 138
9.765620231628418 8.789058208465576 19.619999885559082 130 33 125
9.765620231628418 8.789058208465576 22.889999866485596 107 22 150
9.765620231628418 8.789058208465576 26.15999984741211 86 29 129
9.765620231628418 8.789058208465576 29.429999828338623 82 49 141
9.765620231628418 8.789058208465576 32.69999980926514 80 30 158
9.765620231628418 8.789058208465576 35.96999979019165 77 30 143
10.74218225479126 0.9765620231628418 6.539999961853027 162 245 97
10.74218225479126 0.9765620231628418 9.809999942779541 220 220 99
10.74218225479126 0.9765620231628418 13.079999923706055 224 200 100
10.74218225479126 0.9765620231628418 16.34999990463257 166 181 96
10.74218225479126 0.9765620231628418 19.619999885559082 133 171 86
10.74218225479126 1.9531240463256836 3.2699999809265137 149 226 89
10.74218225479126 1.9531240463256836 6.539999961853027 229 200 118
10.74218225479126 1.9531240463256836 9.809999942779541 254 157 135
10.74218225479126 1.9531240463256836 13.079999923706055 252 138 118
10.74218225479126 1.9531240463256836 16.34999990463257 182 149 69
10.74218225479126 1.9531240463256836 19.619999885559082 115 136 89
10.74218225479126 1.9531240463256836 22.889999866485596 82 135 99
10.74218225479126 2.9296860694885254 3.2699999809265137 211 193 113
10.74218225479126 2.9296860694885254 6.539999961853027 241 153 133
10.74218225479126 2.9296860694885254 9.809999942779541 253 134 144
10.74218225479126 2.9296860694885254 13.079999923706055 250 121 130
10.74218225479126 2.9296860694885254 16.34999990463257 204 134 74
10.74218225479126 2.9296860694885254 19.619999885559082 122 156 101
10.74218225479126 2.9296860694885254 22.889999866485596 93 158 145
10.74218225479126 2.9296860694885254 26.15999984741211 91 131 132
10.74218225479126 3.906248092651367 3.2699999809265137 230 132 137
10.74218225479126 3.906248092651367 6.539999961853027 241 131 142
10.74218225479126 3.906248092651367 9.809999942779541 252 112 145
10.74218225479126 3.906248092651367 13.079999923706055 242 98 142
10.74218225479126 3.906248092651367 16.34999990463257 215 95 98
10.74218225479126 3.906248092651367 19.619999885559082 130 132 123
10.74218225479126 3.906248092651367 22.889999866485596 124 171 175
10.74218225479126 3.906248092651367 26.15999984741211 97 128 143
10.74218225479126 3.906248092651367 29.429999828338623 87 95 110
10.74218225479126 4.882810115814209 3.2699999809265137 213 95 141
10.74218225479126 4.882810115814209 6.539999961853027 231 112 149
10.74218225479126 4.882810115814209 9.809999942779541 248 92 138
10.74218225479126 4.882810115814209 13.079999923706055 231 83 131
10.74218225479126 4.882810115814209 16.34999990463257 196 78 113
10.74218225479126 4.882810115814209 19.619999885559082 117 113 125
10.74218225479126 4.882810115814209 22.889999866485596 122 139 200
10.74218225479126 4.882810115814209 26.15999984741211 91 108 161
10.74218225479126 4.882810115814209 29.429999828338623 82 89 117
10.74218225479126 4.882810115814209 32.69999980926514 104 92 119
10.74218225479126 4.882810115814209 35.96999979019165 115 97 117
10.74218225479126 5.859372138977051 3.2699999809265137 210 103 154
10.74218225479126 5.859372138977051 6.539999961853027 225 106 151
10.74218225479126 5.859372138977051 9.809999942779541 239 84 134
10.74218225479126 5.859372138977051 13.079999923706055 224 79 119
10.74218225479126 5.859372138977051 16.34999990463257 193 89 112
10.74218225479126 5.859372138977051 19.619999885559082 121 128 117
10.74218225479126 5.859372138977051 22.889999866485596 99 113 185
10.74218225479126 5.859372138977051 26.15999984741211 80 80 155
10.74218225479126 5.859372138977051 29.429999828338623 99 90 94
10.74218225479126 5.859372138977051 32.69999980926514 113 102 92
10.74218225479126 5.859372138977051 35.96999979019165 144 114 106
10.74218225479126 5.859372138977051 39.239999771118164 151 125 149
10.74218225479126 6.835934162139893 3.2699999809265137 215 99 177
10.74218225479126 6.835934162139893 6.539999961853027 224 85 155
10.74218225479126 6.835934162139893 9.809999942779541 234 66 144
10.74218225479126 6.835934162139893 13.079999923706055 219 67 131
10.74218225479126 6.835934162139893 16.34999990463257 203 97 111
10.74218225479126 6.835934162139893 19.619999885559082 130 110 135
10.74218225479126 6.835934162139893 22.889999866485596 105 122 159
10.74218225479126 6.835934162139893 26.15999984741211 68 83 138
10.74218225479126 6.835934162139893 29.429999828338623 116 91 80
10.74218225479126 6.835934162139893 32.69999980926514 139 94 107
10.74218225479126 6.835934162139893 35.96999979019165 139 81 112
10.74218225479126 6.835934162139893 39.239999771118164 149 69 158
10.74218225479126 7.812496185302734 3.2699999809265137 184 88 208
10.74218225479126 7.812496185302734 6.539999961853027 204 68 187
10.74218225479126 7.812496185302734 9.809999942779541 220 50 157
10.74218225479126 7.812496185302734 13.079999923706055 222 71 136
10.74218225479126 7.812496185302734 16.34999990463257 216 81 137
10.74218225479126 7.812496185302734 19.619999885559082 136 78 126
10.74218225479126 7.812496185302734 22.889999866485596 116 71 148
10.74218225479126 7.812496185302734 26.15999984741211 103 72 128
10.74218225479126 7.812496185302734 29.429999828338623 112 49 124
10.74218225479126 7.812496185302734 32.69999980926514 118 40 143
10.74218225479126 7.812496185302734 35.96999979019165 130 43 148
10.74218225479126 7.812496185302734 39.239999771118164 118 49 166
10.74218225479126 8.789058208465576 6.539999961853027 155 74 218
10.74218225479126 8.789058208465576 9.809999942779541 171 54 202
10.74218225479126 8.789058208465576 13.079999923706055 196 37 162
10.74218225479126 8.789058208465576 16.34999990463257 205 42 163
10.74218225479126 8.789058208465576 19.619999885559082 137 35 136
10.74218225479126 8.789058208465576 22.889999866485596 108 28 145
10.74218225479126 8.789058208465576 26.15999984741211 90 29 142
10.74218225479126 8.789058208465576 29.429999828338623 78 39 146
10.74218225479126 8.789058208465576 32.69999980926514 73 28 150
10.74218225479126 8.789058208465576 35.96999979019165 82 39 144
11.718744277954102 0.9765620231628418 6.539999961853027 117 230 100
11.718744277954102 0.9765620231628418 9.809999942779541 194 237 113
11.718744277954102 0.9765620231628418 13.079999923706055 198 212 108
11.718744277954102 0.9765620231628418 16.34999990463257 158 194 110
11.718744277954102 0.9765620231628418 19.619999885559082 146 168 67
11.718744277954102 0.9765620231628418 22.889999866485596 113 155 72
11.718744277954102 1.9531240463256836 3.2699999809265137 99 205 101
11.718744277954102 1.9531240463256836 6.539999961853027 197 223 122
11.718744277954102 1.9531240463256836 9.809999942779541 236 178 135
11.718744277954102 1.9531240463256836 13.079999923706055 236 160 125
11.718744277954102 1.9531240463256836 16.34999990463257 189 158 89
11.718744277954102 1.9531240463256836 19.619999885559082 145 136 58
11.718744277954102 1.9531240463256836 22.889999866485596 88 128 99
11.718744277954102 1.9531240463256836 26.15999984741211 78 133 110
11.718744277954102 1.9531240463256836 29.429999828338623 100 139 86
11.718744277954102 1.9531240463256836 32.69999980926514 123 153 72
11.718744277954102 2.9296860694885254 3.2699999809265137 175 216 132
11.718744277954102 2.9296860694885254 6.539999961853027 223 168 148
11.718744277954102 2.9296860694885254 9.809999942779541 244 145 152
11.718744277954102 2.9296860694885254 13.079999923706055 244 139 143
11.718744277954102 2.9296860694885254 16.34999990463257 221 148 105
11.718744277954102 2.9296860694885254 19.619999885559082 149 131 66
11.718744277954102 2.9296860694885254 22.889999866485596 80 128 117
11.718744277954102 2.9296860694885254 26.15999984741211 92 140 136
11.718744277954102 2.9296860694885254 29.429999828338623 92 117 119
11.718744277954102 3.906248092651367 3.2699999809265137 209 172 176
11.718744277954102 3.906248092651367 6.539999961853027 221 146 156
11.718744277954102 3.906248092651367 9.809999942779541 244 135 161
11.718744277954102 3.906248092651367 13.079999923706055 237 124 155
11.718744277954102 3.906248092651367 16.34999990463257 230 113 130
11.718744277954102 3.906248092651367 19.619999885559082 134 106 88
11.718744277954102 3.906248092651367 22.889999866485596 94 151 128
11.718744277954102 3.906248092651367 26.15999984741211 100 139 149
11.718744277954102 3.906248092651367 29.429999828338623 97 115 138
11.718744277954102 3.906248092651367 32.69999980926514 125 92 127
11.718744277954102 4.882810115814209 3.2699999809265137 202 137 178
11.718744277954102 4.882810115814209 6.539999961853027 219 129 165
11.718744277954102 4.882810115814209 9.809999942779541 250 117 162
11.718744277954102 4.882810115814209 13.079999923706055 235 109 148
11.718744277954102 4.882810115814209 16.34999990463257 212 89 139
11.718744277954102 4.882810115814209 19.619999885559082 122 89 104
11.718744277954102 4.882810115814209 22.889999866485596 91 109 154
11.718744277954102 4.882810115814209 26.15999984741211 81 113 167
11.718744277954102 4.882810115814209 29.429999828338623 90 111 134
11.718744277954102 4.882810115814209 32.69999980926514 112 95 126
11.718744277954102 4.882810115814209 35.96999979019165 142 113 130
11.718744277954102 5.859372138977051 3.2699999809265137 200 127 177
11.718744277954102 5.859372138977051 6.539999961853027 215 119 171
11.718744277954102 5.859372138977051 9.809999942779541 243 97 164
11.718744277954102 5.859372138977051 13.079999923706055 229 98 145
11.718744277954102 5.859372138977051 16.34999990463257 207 95 129
11.718744277954102 5.859372138977051 19.619999885559082 123 119 107
11.718744277954102 5.859372138977051 22.889999866485596 74 109 145
11.718744277954102 5.859372138977051 26.15999984741211 69 98 146
11.718744277954102 5.859372138977051 29.429999828338623 110 126 108
11.718744277954102 5.859372138977051 32.69999980926514 120 108 107
11.718744277954102 5.859372138977051 35.96999979019165 147 119 146
11.718744277954102 5.859372138977051 39.239999771118164 152 141 176
11.718744277954102 6.835934162139893 3.2699999809265137 188 126 205
11.718744277954102 6.835934162139893 6.539999961853027 205 108 193
11.718744277954102 6.835934162139893 9.809999942779541 235 78 181
11.718744277954102 6.835934162139893 13.079999923706055 227 76 158
11.718744277954102 6.835934162139893 16.34999990463257 213 95 140
11.718744277954102 6.835934162139893 19.619999885559082 128 104 134
11.718744277954102 6.835934162139893 22.889999866485596 97 124 142
11.718744277954102 6.835934162139893 26.15999984741211 80 96 116
11.718744277954102 6.835934162139893 29.429999828338623 123 96 118
11.718744277954102 6.835934162139893 32.69999980926514 134 106 131
11.718744277954102 6.835934162139893 35.96999979019165 146 94 149
11.718744277954102 6.835934162139893 39.239999771118164 150 107 195
11.718744277954102 7.812496185302734 6.539999961853027 173 105 228
11.718744277954102 7.812496185302734 9.809999942779541 206 71 198
11.718744277954102 7.812496185302734 13.079999923706055 216 74 166
11.718744277954102 7.812496185302734 16.34999990463257 213 88 158
11.718744277954102 7.812496185302734 19.619999885559082 149 84 126
11.718744277954102 7.812496185302734 22.889999866485596 126 89 148
11.718744277954102 7.812496185302734 26.15999984741211 108 80 148
11.718744277954102 7.812496185302734 29.429999828338623 112 68 164
11.718744277954102 7.812496185302734 32.69999980926514 116 52 173
11.718744277954102 7.812496185302734 35.96999979019165 124 53 179
11.718744277954102 7.812496185302734 39.239999771118164 112 73 193
11.718744277954102 8.789058208465576 9.809999942779541 147 74 218
11.718744277954102 8.789058208465576 13.079999923706055 177 55 199
11.718744277954102 8.789058208465576 16.34999990463257 194 52 187
11.718744277954102 8.789058208465576 19.619999885559082 144 45 152
11.718744277954102 8.789058208465576 22.889999866485596 114 40 158
11.718744277954102 8.789058208465576 26.15999984741211 85 44 150
11.718744277954102 8.789058208465576 29.429999828338623 69 52 161
11.718744277954102 8.789058208465576 32.69999980926514 65 45 148
11.718744277954102 8.789058208465576 35.96999979019165 78 56 157
12.695306301116943 0.9765620231628418 6.539999961853027 78 204 113
12.695306301116943 0.9765620231628418 9.809999942779541 134 242 126
12.695306301116943 0.9765620231628418 13.079999923706055 150 228 126
12.695306301116943 0.9765620231628418 16.34999990463257 142 215 112
12.695306301116943 0.9765620231628418 19.619999885559082 151 185 82
12.695306301116943 0.9765620231628418 22.889999866485596 134 138 52
12.695306301116943 0.9765620231628418 26.15999984741211 121 135 66
12.695306301116943 0.9765620231628418 29.429999828338623 98 180 80
12.695306301116943 0.9765620231628418 32.69999980926514 100 172 76
12.695306301116943 1.9531240463256836 3.2699999809265137 61 176 112
12.695306301116943 1.9531240463256836 6.539999961853027 150 239 139
12.695306301116943 1.9531240463256836 9.809999942779541 204 214 147
12.695306301116943 1.9531240463256836 13.079999923706055 216 196 135
12.695306301116943 1.9531240463256836 16.34999990463257 207 180 109
12.695306301116943 1.9531240463256836 19.619999885559082 172 145 89
12.695306301116943 1.9531240463256836 22.889999866485596 124 102 62
12.695306301116943 1.9531240463256836 26.15999984741211 103 95 65
12.695306301116943 1.9531240463256836 29.429999828338623 118 140 81
12.695306301116943 1.9531240463256836 32.69999980926514 139 173 86
12.695306301116943 1.9531240463256836 35.96999979019165 114 177 149
12.695306301116943 2.9296860694885254 3.2699999809265137 115 223 147
12.695306301116943 2.9296860694885254 6.539999961853027 190 203 176
12.695306301116943 2.9296860694885254 9.809999942779541 230 171 165
12.695306301116943 2.9296860694885254 13.079999923706055 226 162 152
12.695306301116943 2.9296860694885254 16.34999990463257 223 158 136
12.695306301116943 2.9296860694885254 19.619999885559082 176 131 101
12.695306301116943 2.9296860694885254 22.889999866485596 107 102 81
12.695306301116943 2.9296860694885254 26.15999984741211 84 117 104
12.695306301116943 2.9296860694885254 29.429999828338623 94 97 108
12.695306301116943 2.9296860694885254 32.69999980926514 152 117 124
12.695306301116943 3.906248092651367 3.2699999809265137 150 213 188
12.695306301116943 3.906248092651367 6.539999961853027 196 178 189
12.695306301116943 3.906248092651367 9.809999942779541 230 149 188
12.695306301116943 3.906248092651367 13.079999923706055 231 148 168
12.695306301116943 3.906248092651367 16.34999990463257 231 136 161
12.695306301116943 3.906248092651367 19.619999885559082 171 104 110
12.695306301116943 3.906248092651367 22.889999866485596 105 112 99
12.695306301116943 3.906248092651367 26.15999984741211 94 144 127
12.695306301116943 3.906248092651367 29.429999828338623 78 119 109
12.695306301116943 3.906248092651367 32.69999980926514 123 101 138
12.695306301116943 4.882810115814209 3.2699999809265137 158 197 208
12.695306301116943 4.882810115814209 6.539999961853027 192 160 204
12.695306301116943 4.882810115814209 9.809999942779541 231 136 198
12.695306301116943 4.882810115814209 13.079999923706055 232 133 179
12.695306301116943 4.882810115814209 16.34999990463257 218 117 172
12.695306301116943 4.882810115814209 19.619999885559082 142 76 126
12.695306301116943 4.882810115814209 22.889999866485596 93 88 121
12.695306301116943 4.882810115814209 26.15999984741211 83 112 128
12.695306301116943 4.882810115814209 29.429999828338623 75 121 99
12.695306301116943 4.882810115814209 32.69999980926514 116 111 131
12.695306301116943 5.859372138977051 3.2699999809265137 147 184 213
12.695306301116943 5.859372138977051 6.539999961853027 183 154 222
12.695306301116943 5.859372138977051 9.809999942779541 230 125 207
12.695306301116943 5.859372138977051 13.079999923706055 226 120 185
12.695306301116943 5.859372138977051 16.34999990463257 212 114 166
12.695306301116943 5.859372138977051 19.619999885559082 140 103 128
12.695306301116943 5.859372138977051 22.889999866485596 90 97 133
12.695306301116943 5.859372138977051 26.15999984741211 86 101 107
12.695306301116943 5.859372138977051 29.429999828338623 118 141 104
12.695306301116943 5.859372138977051 32.69999980926514 114 123 135
12.695306301116943 5.859372138977051 35.96999979019165 133 115 165
12.695306301116943 6.835934162139893 6.539999961853027 158 154 224
12.695306301116943 6.835934162139893 9.809999942779541 209 117 224
12.695306301116943 6.835934162139893 13.079999923706055 216 98 202
12.695306301116943 6.835934162139893 16.34999990463257 208 106 178
12.695306301116943 6.835934162139893 19.619999885559082 146 107 146
12.695306301116943 6.835934162139893 22.889999866485596 108 111 148
12.695306301116943 6.835934162139893 26.15999984741211 104 102 130
12.695306301116943 6.835934162139893 29.429999828338623 116 109 151
12.695306301116943 6.835934162139893 32.69999980926514 113 116 169
12.695306301116943 6.835934162139893 35.96999979019165 130 125 189
12.695306301116943 6.835934162139893 39.239999771118164 121 138 215
12.695306301116943 7.812496185302734 6.539999961853027 114 144 212
12.695306301116943 7.812496185302734 9.809999942779541 172 113 234
12.695306301116943 7.812496185302734 13.079999923706055 188 97 210
12.695306301116943 7.812496185302734 16.34999990463257 202 97 194
12.695306301116943 7.812496185302734 19.619999885559082 153 90 162
12.695306301116943 7.812496185302734 22.889999866485596 125 105 173
12.695306301116943 7.812496185302734 26.15999984741211 92 91 157
12.695306301116943 7.812496185302734 29.429999828338623 96 89 177
12.695306301116943 7.812496185302734 32.69999980926514 78 100 181
12.695306301116943 7.812496185302734 35.96999979019165 100 97 200
12.695306301116943 8.789058208465576 9.809999942779541 100 98 198
12.695306301116943 8.789058208465576 13.079999923706055 137 89 224
12.695306301116943 8.789058208465576 16.34999990463257 164 77 223
12.695306301116943 8.789058208465576 19.619999885559082 129 70 188
12.695306301116943 8.789058208465576 22.889999866485596 103 75 180
12.695306301116943 8.789058208465576 26.15999984741211 72 62 156
12.695306301116943 8.789058208465576 29.429999828338623 57 69 147
13.671868324279785 1.9531240463256836 6.539999961853027 71 203 138
13.671868324279785 1.9531240463256836 9.809999942779541 123 235 166
13.671868324279785 1.9531240463256836 13.079999923706055 144 227 161
13.671868324279785 1.9531240463256836 16.34999990463257 184 205 143
13.671868324279785 1.9531240463256836 19.619999885559082 180 176 131
13.671868324279785 1.9531240463256836 22.889999866485596 153 131 82
13.671868324279785 1.9531240463256836 26.15999984741211 156 118 69
13.671868324279785 1.9531240463256836 29.429999828338623 130 153 102
13.671868324279785 1.9531240463256836 32.69999980926514 123 183 134
13.671868324279785 2.9296860694885254 6.539999961853027 114 219 179
13.671868324279785 2.9296860694885254 9.809999942779541 169 217 186
13.671868324279785 2.9296860694885254 13.079999923706055 185 198 170
13.671868324279785 2.9296860694885254 16.34999990463257 211 176 162
13.671868324279785 2.9296860694885254 19.619999885559082 184 157 136
13.671868324279785 2.9296860694885254 22.889999866485596 143 109 95
13.671868324279785 2.9296860694885254 26.15999984741211 134 89 77
13.671868324279785 2.9296860694885254 29.429999828338623 122 104 113
13.671868324279785 3.906248092651367 6.539999961853027 140 213 195
13.671868324279785 3.906248092651367 9.809999942779541 182 195 208
13.671868324279785 3.906248092651367 13.079999923706055 203 180 189
13.671868324279785 3.906248092651367 16.34999990463257 222 149 187
13.671868324279785 3.906248092651367 19.619999885559082 180 125 154
13.671868324279785 3.906248092651367 22.889999866485596 128 94 118
13.671868324279785 3.906248092651367 26.15999984741211 113 94 84
13.671868324279785 3.906248092651367 29.429999828338623 95 102 71
13.671868324279785 4.882810115814209 6.539999961853027 134 195 197
13.671868324279785 4.882810115814209 9.809999942779541 182 178 218
13.671868324279785 4.882810115814209 13.079999923706055 204 159 209
13.671868324279785 4.882810115814209 16.34999990463257 217 130 187
13.671868324279785 4.882810115814209 19.619999885559082 152 93 161
13.671868324279785 4.882810115814209 22.889999866485596 114 81 127
13.671868324279785 4.882810115814209 26.15999984741211 100 75 98
13.671868324279785 4.882810115814209 29.429999828338623 88 95 88
13.671868324279785 5.859372138977051 6.539999961853027 110 171 208
13.671868324279785 5.859372138977051 9.809999942779541 171 159 233
13.671868324279785 5.859372138977051 13.079999923706055 196 145 215
13.671868324279785 5.859372138977051 16.34999990463257 213 128 191
13.671868324279785 5.859372138977051 19.619999885559082 141 107 167
13.671868324279785 5.859372138977051 22.889999866485596 106 90 154
13.671868324279785 5.859372138977051 26.15999984741211 101 82 139
13.671868324279785 5.859372138977051 29.429999828338623 92 117 123
13.671868324279785 5.859372138977051 32.69999980926514 97 108 156
13.671868324279785 6.835934162139893 9.809999942779541 146 164 229
13.671868324279785 6.835934162139893 13.079999923706055 171 132 226
13.671868324279785 6.835934162139893 16.34999990463257 195 126 208
13.671868324279785 6.835934162139893 19.619999885559082 146 128 177
13.671868324279785 6.835934162139893 22.889999866485596 103 124 174
13.671868324279785 6.835934162139893 26.15999984741211 96 115 170
13.671868324279785 6.835934162139893 29.429999828338623 88 114 169
13.671868324279785 6.835934162139893 32.69999980926514 81 117 153
13.671868324279785 6.835934162139893 35.96999979019165 96 127 194
13.671868324279785 7.812496185302734 9.809999942779541 113 148 215
13.671868324279785 7.812496185302734 13.079999923706055 133 140 222
13.671868324279785 7.812496185302734 16.34999990463257 165 121 224
13.671868324279785 7.812496185302734 19.619999885559082 136 108 204
13.671868324279785 7.812496185302734 22.889999866485596 103 118 194
13.671868324279785 7.812496185302734 26.15999984741211 87 104 159
13.671868324279785 7.812496185302734 29.429999828338623 57 97 164
